# d_x d_y d_z
7.3937e-01 1.5503e-01 4.6024e-01
4.3748e-02 3.7690e-01 1.0323e+00
1.4195e-01 2.8669e-01 1.4407e+00
6.7511e-01 5.3932e-02 1.0618e+00
1.2626e-01 5.5359e-01 1.1070e+00
1.2033e-01 7.6750e-02 1.2319e+00
4.0206e-01 4.0823e-01 9.8420e-01
nan nan nan
1.7185e-01 3.9325e-01 1.0953e+00
2.7713e-01 6.2813e-01 1.8663e+00
6.4266e-02 6.1060e-01 1.2695e+00
2.0005e-01 6.2575e-01 1.3860e+00
1.0520e-01 4.4171e-01 5.0225e-01
2.4028e-01 1.1614e-01 2.9732e-01
2.2540e-01 8.6748e-01 7.2143e-01
1.7827e-01 3.3914e-01 1.0427e+00
3.8411e-01 2.3918e-02 6.0989e-01
2.7736e-01 2.5134e-01 1.1085e+00
3.1486e-01 5.8524e-02 1.3697e+00
3.4029e-01 4.1586e-02 9.8921e-01
2.6097e-01 1.6298e-01 1.1945e+00
2.2415e-01 3.6101e-01 6.4498e-01
2.2153e-01 2.8579e-01 2.5017e-01
1.7434e-01 6.5632e-01 8.3497e-01
nan nan nan
4.5228e-02 5.3678e-01 8.4452e-01
7.8726e-01 1.5969e-01 4.9673e-01
6.7633e-01 3.6104e-01 8.3033e-01
2.2043e-01 6.0409e-01 1.1365e+00
9.9808e-01 2.0032e-02 1.3293e+00
3.1859e-01 6.1291e-01 7.6753e-01
1.1642e-01 6.9393e-01 1.4036e+00
7.5112e-01 1.0044e-01 1.4571e+00
3.4887e-01 4.4569e-01 3.3686e-01
8.0083e-01 1.6120e-02 1.1837e+00
3.3468e-01 5.6316e-01 1.1811e-01
3.2928e-01 4.2956e-04 3.7737e-01
2.3316e-01 8.2413e-02 9.9662e-01
5.5855e-01 1.7622e-01 6.2667e-01
6.2886e-02 5.4565e-01 4.6425e-02
5.0349e-01 3.1972e-01 9.6277e-01
3.7417e-01 4.5242e-01 5.4661e-01
5.7337e-01 1.1827e-01 1.2021e+00
8.0006e-02 3.2007e-02 8.4617e-01
6.5600e-02 2.1256e-01 6.5259e-01
nan nan nan
7.9291e-01 2.3263e-01 1.2868e+00
5.4306e-01 4.5122e-01 1.0773e+00
8.2790e-01 7.2393e-01 6.0874e-01
4.8907e-01 7.2774e-02 9.9647e-01
4.8589e-01 7.6605e-01 9.0319e-01
1.0949e-01 7.9125e-01 1.0164e+00
4.2640e-01 5.4018e-01 1.5304e+00
7.2714e-01 4.5977e-01 6.3298e-01
5.2913e-02 8.5400e-01 1.2947e+00
4.7046e-01 6.9412e-02 4.5432e-01
5.3474e-02 2.4439e-01 1.5107e+00
5.0894e-02 1.3040e-01 4.4134e-01
1.5218e-01 4.8692e-02 7.3721e-01
1.3088e-01 3.0613e-01 4.8708e-01
8.0778e-01 8.9484e-02 9.2926e-01
1.0289e-01 2.8969e-01 7.2610e-01
2.3109e-01 1.3386e-01 7.7261e-01
6.2382e-01 2.4868e-01 1.4658e+00
7.3648e-02 6.8992e-01 1.1514e+00
2.0771e-01 1.5850e-01 8.1349e-01
4.9992e-01 3.4621e-01 1.0950e+00
nan nan nan
2.5752e-01 2.4099e-01 1.4908e+00
4.1890e-02 5.5854e-01 1.3172e+00
1.0560e-02 6.4529e-01 1.0886e+00
3.4021e-01 5.9223e-01 9.7975e-01
2.6998e-01 3.8035e-01 7.2847e-01
2.6685e-01 1.0169e-01 2.1402e-01
4.3652e-01 9.9026e-01 5.3088e-01
2.7845e-01 5.6780e-01 9.4914e-01
3.4963e-01 6.0851e-02 3.2586e-01
2.2076e-01 3.1427e-01 2.0779e-01
3.1793e-01 6.2725e-02 1.8438e+00
2.6389e-01 8.2341e-03 8.8226e-01
2.0721e-02 7.6540e-02 6.0476e-01
3.4413e-01 4.4221e-01 9.5716e-01
3.9078e-01 4.1131e-01 6.0509e-02
7.5440e-02 7.2407e-01 5.1765e-01
nan nan nan
1.4390e-01 2.4458e-01 1.2600e+00
7.8848e-01 9.0032e-02 5.4943e-02
7.5493e-01 7.5366e-02 1.0114e+00
3.3547e-01 1.7251e-01 1.4015e+00
8.3358e-01 2.3539e-01 1.1579e+00
6.4202e-02 6.7925e-01 9.4059e-01
4.2455e-01 6.4091e-01 1.3893e+00
6.3859e-01 1.6955e-01 7.5266e-01
3.3665e-01 5.5543e-01 2.4405e-01
7.1814e-01 3.3849e-01 1.0592e+00
4.1641e-01 6.3133e-01 7.5867e-01
6.2032e-01 7.0571e-02 9.7399e-01
4.1393e-01 1.8336e-02 1.3968e+00
4.8725e-01 1.8920e-01 1.0314e+00
7.8393e-02 4.4517e-01 5.4456e-01
4.0616e-01 6.4433e-02 1.2075e+00
2.1321e-01 4.8834e-01 4.7832e-01
4.5626e-01 4.0407e-01 2.4152e-01
6.4180e-02 1.2697e-01 6.5892e-01
1.2977e-01 1.4695e-01 9.6931e-01
nan nan nan
8.9679e-01 9.7337e-02 9.5120e-01
3.3618e-01 2.7521e-01 1.9443e+00
8.0339e-01 6.6853e-01 6.9815e-01
6.3677e-01 1.8850e-01 4.7582e-01
4.1338e-01 6.4255e-01 9.3993e-01
2.1623e-01 7.2621e-01 5.9505e-01
3.4651e-01 5.9128e-01 1.0745e+00
9.8848e-01 3.8283e-01 7.2013e-01
1.1435e-01 9.1096e-01 7.7493e-01
4.4585e-01 3.2052e-01 1.9585e-01
7.0476e-02 3.7468e-01 1.2976e+00
3.4467e-02 1.9282e-01 2.8474e-01
1.5786e-01 1.9404e-01 1.2105e+00
5.4497e-02 1.3760e-01 2.1268e-01
9.9080e-01 3.1812e-02 7.9586e-01
6.8951e-02 2.5116e-01 1.0627e+00
5.3161e-02 1.9789e-01 6.0667e-01
6.1067e-01 3.6392e-01 9.3367e-01
1.2515e-01 6.4569e-01 1.2511e+00
1.4586e-01 2.2808e-01 7.6958e-01
4.8213e-01 3.0686e-01 1.0497e+00
nan nan nan
4.3079e-01 1.2507e-01 1.2684e+00
1.1746e-01 4.8898e-01 1.2387e+00
1.9294e-01 5.0759e-01 1.3571e+00
2.9497e-01 5.8358e-01 1.1946e+00
2.6231e-01 4.6140e-01 7.7813e-01
7.9627e-02 1.5916e-01 6.7524e-01
nan nan nan
3.3006e-01 4.4387e-01 1.1964e+00
3.7672e-01 6.0586e-02 7.5504e-01
2.4387e-01 1.2398e-01 1.1635e+00
3.5644e-01 2.9548e-02 1.2570e+00
1.7294e-01 6.9143e-02 8.3787e-01
1.4562e-01 3.0056e-01 7.8589e-01
3.6645e-01 4.3494e-01 8.3045e-01
1.6966e-01 3.3219e-01 9.9012e-01
2.0835e-01 8.5091e-01 3.7586e-01
nan nan nan
3.0067e-02 1.1421e-01 1.1873e+00
6.3700e-01 1.3559e-01 2.3282e-01
7.0908e-01 4.5095e-01 1.2402e+00
1.6785e-01 2.9957e-01 1.3954e+00
1.0245e+00 2.3302e-01 1.0536e+00
2.2764e-01 4.8413e-01 9.1605e-01
4.2058e-01 5.5272e-01 2.6671e-01
6.4634e-01 3.4647e-02 9.0812e-01
3.1758e-01 4.9262e-01 3.1651e-01
5.6528e-01 5.5309e-02 9.8304e-01
4.9248e-01 6.6983e-01 2.8116e-01
6.8892e-01 1.3332e-01 8.7378e-01
2.0336e-01 7.5115e-02 1.1769e+00
6.2431e-01 1.8523e-01 1.2377e+00
1.2228e-01 3.0193e-01 1.0918e+00
4.7875e-01 1.6169e-01 8.6486e-01
1.9884e-01 6.9846e-01 5.9818e-01
5.6921e-01 3.7215e-01 5.3726e-01
7.2297e-02 4.6005e-02 1.2564e+00
3.4615e-01 1.0541e-01 9.6547e-01
nan nan nan
9.0038e-01 4.5534e-02 1.0896e+00
3.2738e-01 2.3540e-01 9.0636e-01
6.5600e-01 5.5635e-01 7.1584e-01
7.7717e-01 7.1263e-02 4.4351e-01
3.9392e-01 3.2262e-01 1.2586e+00
2.8143e-02 8.8438e-01 3.5299e-01
4.6854e-01 5.5162e-01 1.0939e+00
7.6047e-01 5.0903e-01 4.7664e-01
5.0667e-02 6.7391e-01 4.3974e-01
5.4388e-01 2.6728e-01 2.4094e-01
1.7268e-02 2.7186e-01 1.0925e+00
5.3467e-02 4.9263e-02 5.4515e-01
2.0606e-01 3.3385e-01 8.2489e-01
nan nan nan
9.3784e-01 7.5897e-02 7.2687e-01
8.5277e-02 3.5827e-01 5.0306e-01
2.0137e-01 2.2507e-01 4.6104e-01
5.5569e-01 4.4269e-01 2.6470e-01
8.0762e-02 7.8411e-01 9.8424e-01
2.9278e-01 2.8958e-01 1.0459e+00
4.2076e-01 5.1113e-01 1.2903e+00
nan nan nan
5.7254e-01 7.5502e-02 1.3440e+00
1.2533e-01 4.1647e-01 1.4145e+00
1.0474e-01 5.6664e-01 6.9101e-01
2.2207e-01 6.5602e-01 1.1212e+00
1.6776e-01 3.7315e-01 1.1625e+00
7.3297e-02 7.5226e-02 8.4625e-01
nan nan nan
3.2894e-01 5.1756e-01 9.4689e-01
2.7988e-01 1.3538e-01 1.5366e+00
5.7063e-01 1.0444e-01 9.0207e-01
3.0249e-01 1.8706e-01 9.2321e-01
9.1143e-02 1.1543e-02 1.3154e+00
1.7242e-02 1.5248e-01 6.1118e-01
3.7291e-01 3.5597e-01 1.0768e+00
2.0986e-01 4.0644e-01 1.5054e+00
2.8308e-01 8.3341e-01 9.1977e-01
nan nan nan
3.1540e-03 4.1065e-01 9.1803e-01
6.1240e-01 3.0235e-02 1.9751e-01
7.0926e-01 1.6129e-01 1.0358e+00
3.0290e-01 2.1330e-01 6.2928e-01
9.3485e-01 1.6326e-01 9.9300e-01
2.7594e-01 3.6382e-01 8.1760e-01
5.6129e-01 7.2519e-01 4.8165e-01
7.4680e-01 2.4015e-01 6.8623e-01
3.0276e-01 2.0724e-01 3.8788e-01
7.8249e-01 8.0118e-02 4.2621e-01
2.2095e-01 9.7961e-01 6.8632e-01
6.0238e-01 7.1456e-03 5.8345e-01
4.3627e-01 1.3187e-01 1.4595e+00
7.3151e-01 1.9222e-01 7.9628e-01
3.6370e-02 4.7295e-01 8.1916e-01
5.1267e-01 2.5193e-01 1.0241e+00
2.2418e-01 7.5294e-01 4.7508e-01
5.0328e-01 3.0768e-01 8.4266e-01
1.9129e-02 2.0453e-01 1.5022e+00
2.2902e-01 1.5024e-01 7.4090e-01
nan nan nan
8.5763e-01 6.5387e-02 8.5290e-01
3.0227e-01 2.7218e-01 5.9253e-01
5.6314e-01 3.6549e-01 6.8369e-01
7.3694e-01 1.8238e-01 3.5407e-01
4.3274e-01 4.2452e-01 1.0318e+00
1.0001e-01 7.3135e-01 2.8194e-01
6.8922e-01 2.8111e-01 6.6769e-01
8.3166e-01 4.5677e-01 4.8569e-01
2.6313e-02 8.3731e-01 6.5378e-01
6.0681e-01 3.9330e-01 7.1299e-01
1.4441e-01 3.6776e-01 1.0607e+00
7.3839e-02 7.8890e-02 1.4361e+00
1.1593e-01 2.0554e-01 1.3972e+00
nan nan nan
7.7206e-01 1.3300e-01 2.9215e-01
1.4788e-01 3.6320e-01 6.8349e-01
3.2297e-01 2.0638e-01 5.1469e-01
4.9534e-01 2.1185e-01 3.8271e-01
1.2818e-01 8.4559e-01 7.6388e-01
3.7396e-01 1.8895e-02 5.2912e-01
4.3174e-01 3.4145e-01 8.0327e-01
nan nan nan
4.6867e-01 1.0293e-01 1.4085e+00
8.4075e-02 1.3878e-02 1.6695e-01
8.6000e-02 4.1501e-01 1.3564e+00
2.1387e-01 7.4535e-01 8.6455e-01
2.5174e-01 3.8505e-01 9.3425e-01
9.6638e-02 1.2840e-01 9.0749e-01
4.7193e-01 6.9245e-01 5.6630e-01
3.6470e-01 6.3308e-01 5.9861e-01
2.1239e-01 1.3660e-01 1.3061e+00
5.3201e-01 1.8197e-01 1.1093e+00
1.3565e-01 2.8831e-01 1.2383e+00
2.4725e-01 4.7712e-02 1.1250e+00
4.3977e-02 7.2978e-02 6.8491e-01
2.9024e-01 4.9539e-01 2.8430e-01
2.7177e-01 6.9028e-01 1.1281e+00
1.7272e-01 6.8442e-01 9.5841e-01
nan nan nan
1.2487e-01 2.4064e-01 7.7418e-01
9.0193e-01 2.2378e-01 4.0101e-01
7.1076e-01 1.8644e-01 3.8933e-01
2.0993e-01 2.7114e-01 1.2177e+00
7.7257e-01 3.8909e-01 1.1102e+00
2.4110e-01 3.0817e-01 4.6414e-01
4.8572e-01 4.3926e-01 1.7001e+00
6.9350e-01 2.1249e-01 1.8424e-01
3.2472e-01 3.3034e-01 8.3435e-02
8.0597e-01 1.2903e-01 4.3536e-01
1.1229e-01 8.3203e-01 1.0412e+00
4.3806e-01 5.3721e-02 1.2084e+00
3.3890e-01 3.1912e-01 1.5826e+00
5.3048e-01 3.7335e-01 5.0954e-01
1.5211e-01 4.9481e-01 3.7845e-01
5.5259e-01 2.9741e-01 9.7120e-01
3.3216e-01 7.8884e-01 8.3785e-01
6.5778e-01 4.8984e-01 8.5957e-01
3.0159e-02 7.4600e-02 1.4119e+00
3.6545e-01 5.4297e-02 8.4782e-01
nan nan nan
9.0646e-01 1.7662e-01 1.1374e+00
3.2233e-01 3.2483e-01 7.6248e-01
6.2934e-01 7.2034e-01 7.8153e-01
6.2565e-01 5.5819e-02 1.3731e+00
4.3718e-01 2.6113e-01 1.2766e+00
1.9513e-01 7.2548e-01 2.2924e-01
7.2527e-01 3.0823e-01 2.7713e-01
3.5449e-01 4.9150e-01 4.5499e-01
1.1310e-01 6.5820e-01 1.5417e-01
7.3199e-01 4.4708e-01 7.6545e-01
1.3713e-01 3.3982e-01 9.4419e-01
1.2947e-01 1.5666e-01 1.1284e+00
1.2346e-01 1.5588e-01 1.4913e+00
3.6362e-01 9.4848e-02 5.5568e-01
6.7136e-01 1.1085e-02 3.5838e-01
2.1961e-01 2.9087e-01 7.4553e-01
nan nan nan
6.1032e-01 4.0720e-01 7.0871e-02
6.0222e-02 8.2860e-01 7.1115e-01
3.1261e-01 3.2101e-01 7.2821e-01
3.0781e-01 6.0905e-01 7.7853e-01
nan nan nan
4.1447e-01 5.5139e-02 1.3117e+00
2.5037e-01 2.1595e-01 9.0247e-01
6.3903e-02 4.0854e-01 6.9585e-01
2.3213e-01 8.6251e-01 1.6535e-01
1.0099e-01 4.9671e-01 1.7113e+00
1.3471e-02 6.9845e-02 7.6607e-02
4.6222e-01 5.7840e-01 3.9095e-01
3.0666e-01 8.1817e-01 6.6369e-01
2.0116e-01 1.4512e-02 1.2845e+00
4.8645e-01 1.7857e-01 1.4427e+00
2.1097e-01 1.4238e-01 6.4250e-01
2.3179e-01 7.2928e-02 6.4429e-01
7.8947e-02 2.5998e-01 1.7225e+00
2.1210e-01 6.5740e-01 2.0613e-01
3.2085e-01 6.0453e-01 6.0329e-01
1.5176e-01 5.7951e-01 1.8211e+00
nan nan nan
4.5026e-02 2.8356e-01 6.6173e-01
3.5177e-01 1.3580e-01 3.3515e-01
7.0670e-01 1.3116e-01 1.0711e+00
1.1350e-01 2.5305e-01 9.9895e-01
9.9369e-01 2.0840e-01 9.2051e-01
3.1557e-01 5.7763e-01 8.9793e-01
4.6058e-01 5.1632e-01 1.1308e+00
6.9495e-01 5.3777e-02 9.7396e-01
3.7441e-01 4.2190e-01 6.9639e-01
7.0168e-01 2.8092e-01 1.0067e+00
9.8253e-02 1.0209e+00 1.8464e-01
3.8127e-01 1.3661e-02 1.2154e+00
2.3460e-01 4.8881e-01 8.3697e-01
5.7573e-01 2.2648e-01 1.1720e-01
1.2087e-01 5.6623e-01 1.1946e+00
4.5183e-01 1.7048e-01 9.8961e-01
3.8995e-01 5.6791e-01 3.5226e-01
7.0770e-01 1.4869e-01 2.5304e-01
1.7415e-03 7.9323e-02 7.5745e-01
4.4379e-01 3.8237e-01 1.0384e+00
nan nan nan
8.4491e-01 6.2766e-02 9.1580e-01
3.9607e-01 3.3079e-01 1.0589e+00
5.6226e-01 3.6280e-01 1.0111e+00
6.2780e-01 1.8682e-01 7.2786e-01
6.1358e-01 3.1961e-01 1.3214e+00
1.0658e-02 6.3276e-01 8.5122e-01
5.1930e-01 1.4014e-01 6.8908e-01
9.4389e-01 2.2058e-01 3.0140e-01
1.8304e-01 6.1027e-01 6.4055e-01
5.2684e-01 2.9653e-01 9.2706e-01
2.6456e-02 4.0434e-01 1.3100e+00
1.6602e-01 3.1254e-01 1.1558e+00
3.9356e-01 3.0491e-01 1.4318e+00
2.3377e-01 6.1579e-02 1.0817e+00
7.0731e-01 2.9884e-02 7.8637e-01
2.1386e-01 4.2048e-01 9.9087e-01
3.3824e-01 3.9135e-01 2.0670e-01
4.5188e-01 3.6138e-01 6.0328e-01
1.3778e-01 5.3427e-01 1.0765e+00
2.0182e-01 4.3036e-01 9.2343e-02
4.3423e-01 3.1365e-01 1.2757e+00
7.7389e-01 5.0257e-01 1.0406e+00
2.4938e-01 9.0814e-02 1.0456e+00
1.6105e-01 2.3973e-02 1.1396e+00
9.2641e-02 4.2240e-01 8.6880e-01
3.1302e-01 8.5270e-01 1.4759e-01
6.5800e-02 3.6176e-01 1.8687e+00
1.8713e-01 6.4876e-02 2.0331e-01
4.9958e-01 3.5682e-01 5.3698e-01
nan nan nan
3.7550e-01 6.3696e-02 9.0821e-01
6.7099e-01 3.5223e-01 1.6690e+00
1.6556e-01 4.2243e-02 6.2168e-01
2.4860e-01 2.2829e-01 5.6037e-01
1.3949e-03 1.8717e-01 1.1449e+00
nan nan nan
3.2148e-01 6.7240e-01 1.2095e+00
4.6788e-02 7.5339e-01 1.2244e+00
nan nan nan
4.5125e-02 3.1159e-01 9.6247e-01
8.1712e-01 5.1361e-01 6.8357e-01
7.3844e-01 9.4429e-03 5.0728e-01
3.7397e-01 5.3632e-02 3.0948e-01
9.7565e-01 1.1521e-01 4.8427e-02
3.1325e-01 5.9032e-01 9.1367e-01
8.6389e-01 6.0191e-01 6.4796e-01
6.9956e-01 8.6448e-02 1.2323e+00
3.8633e-01 4.5522e-01 4.4413e-01
6.9839e-01 2.8037e-01 1.1478e+00
2.0902e-01 6.7358e-01 1.0842e+00
4.0423e-01 2.1966e-01 9.5706e-01
1.2289e-01 2.1946e-01 6.9266e-01
5.6840e-01 4.2693e-01 9.3119e-01
2.0593e-02 4.1359e-01 1.0282e+00
5.5712e-01 6.6652e-02 1.3349e+00
2.0496e-01 6.7065e-01 3.1118e-01
8.1811e-01 2.9927e-01 1.1949e+00
1.3561e-01 6.2336e-02 1.0805e+00
5.8742e-01 3.1506e-01 2.7473e-01
nan nan nan
8.8417e-01 3.7304e-02 1.0969e+00
3.1800e-01 1.7029e-01 4.6696e-01
5.8390e-01 5.6146e-01 5.0952e-01
6.4883e-01 2.8644e-01 1.1003e+00
7.2616e-01 4.1071e-01 1.2803e+00
1.2378e-01 9.1330e-01 8.4940e-01
4.8218e-01 1.2159e-01 8.8882e-01
8.4057e-01 3.3740e-01 3.1944e-01
1.1540e-01 7.1898e-01 7.8879e-01
4.8817e-01 3.1344e-01 1.1549e+00
1.2054e-01 3.8870e-01 1.1877e+00
2.9459e-01 2.9904e-01 1.3815e+00
2.7210e-01 1.7043e-01 1.3320e+00
2.5963e-01 1.0016e-01 6.9812e-01
9.0489e-01 1.3258e-01 8.8687e-01
2.4918e-01 4.1982e-01 1.2509e+00
2.8619e-01 4.4073e-01 1.1843e+00
4.2529e-01 3.2993e-01 9.4361e-01
2.5841e-01 5.8221e-01 7.0996e-01
3.5486e-01 5.2330e-01 3.8921e-01
3.8598e-01 1.4878e-01 3.4077e-01
7.8385e-01 3.2907e-01 7.7125e-01
nan nan nan
2.0364e-01 7.9967e-02 6.4201e-01
7.7576e-02 9.7636e-02 2.5215e-01
1.7613e-01 8.0694e-01 1.0351e+00
4.7933e-01 1.7857e-02 8.9618e-01
1.4153e-01 3.3340e-02 3.8547e-01
4.1554e-01 1.3767e-02 1.2658e+00
2.4609e-01 8.9011e-01 4.5308e-01
2.0112e-01 1.3738e-01 9.1120e-01
5.5911e-01 1.5285e-01 9.6482e-01
2.9808e-01 1.0300e-01 1.2023e+00
3.3021e-02 3.7740e-01 3.2380e-01
3.2945e-03 3.5451e-02 1.4780e+00
2.9681e-01 9.1610e-02 1.7060e+00
5.9456e-01 4.4905e-01 1.1416e+00
1.1076e-02 6.4703e-01 1.3361e+00
9.4171e-01 5.6830e-01 1.5061e+00
9.9993e-02 3.8193e-01 1.5836e+00
nan nan nan
9.4381e-01 9.9584e-02 1.0151e+00
4.8821e-01 4.8791e-02 4.0097e-01
7.8666e-01 2.7586e-01 7.4067e-01
6.9671e-02 5.2314e-01 6.8418e-01
nan nan nan
6.6365e-01 3.4290e-02 1.0106e+00
2.0655e-01 5.9572e-01 1.0169e+00
9.5265e-01 2.4033e-01 1.2205e+00
3.0539e-01 5.2824e-01 1.4258e+00
1.4232e-01 2.6130e-01 5.8482e-01
1.2891e-01 2.1066e-01 4.3210e-01
4.8712e-01 5.5421e-01 9.1594e-01
1.9128e-02 5.0736e-01 1.0505e+00
3.4670e-01 6.0684e-02 6.8636e-01
2.0170e-01 7.2067e-01 3.6150e-01
8.8221e-01 2.2331e-01 8.2424e-01
4.3107e-02 1.2169e-01 1.0073e+00
3.9792e-01 2.5854e-01 3.4551e-01
nan nan nan
8.4699e-01 4.8691e-02 1.3874e+00
4.0881e-01 1.9871e-01 5.4441e-01
3.6639e-01 5.3747e-01 8.6985e-01
6.3135e-01 1.7460e-01 7.6692e-01
7.1346e-01 1.9690e-01 1.1655e+00
9.0587e-02 7.9360e-01 4.7074e-01
3.9755e-01 8.7863e-02 1.0309e+00
nan nan nan
1.9842e-01 4.8700e-01 1.0111e+00
5.9936e-01 2.5649e-01 6.6046e-01
2.0167e-01 5.4799e-01 1.6257e-01
2.4485e-01 2.7459e-01 7.6242e-01
2.0072e-01 2.1536e-01 1.2576e+00
4.5241e-01 1.9964e-01 6.7454e-01
9.1641e-01 7.1073e-02 3.4353e-01
2.2518e-01 9.9529e-02 9.3221e-01
2.8208e-01 2.9147e-01 1.2719e+00
6.5147e-01 3.0562e-01 1.0918e+00
5.5149e-01 4.4694e-01 7.9752e-01
4.0827e-01 3.4211e-01 3.4038e-01
5.1711e-01 1.0124e-01 9.5150e-01
8.7283e-01 4.0961e-01 1.3017e+00
4.0509e-01 2.6172e-01 5.7913e-01
2.5381e-01 1.2252e-01 4.8867e-01
2.9983e-02 1.0029e-01 1.2044e+00
2.8843e-01 5.4500e-01 1.2638e+00
3.1949e-01 1.2853e-01 1.3086e+00
2.3554e-01 1.0742e-01 5.1509e-01
2.6822e-01 2.8523e-01 1.3546e+00
2.0682e-01 8.8377e-01 6.3195e-01
1.2846e-01 2.3554e-01 1.3380e+00
nan nan nan
2.3780e-01 1.3908e-01 1.1388e+00
1.0397e-01 7.7696e-02 5.0637e-01
nan nan nan
4.8898e-01 3.5761e-01 9.3976e-01
3.9684e-01 5.1344e-01 1.3701e+00
3.0607e-01 7.3044e-01 1.2907e+00
6.9939e-01 3.7444e-01 1.3258e+00
8.1868e-02 3.5637e-01 1.2109e+00
nan nan nan
8.6898e-01 2.6358e-02 8.7021e-01
4.5742e-01 1.5166e-01 3.3381e-01
7.5931e-01 3.3574e-01 5.4350e-01
nan nan nan
5.5812e-01 6.5110e-01 7.9000e-01
8.9399e-01 3.0936e-01 9.4622e-01
2.1863e-01 6.0188e-01 1.3766e+00
8.4224e-01 1.5590e-01 1.0429e+00
3.7710e-01 3.7160e-01 9.5973e-01
1.6937e-02 4.1298e-01 5.0069e-01
4.9847e-02 2.1912e-01 4.7355e-01
3.4329e-01 7.4365e-01 7.9590e-01
2.4312e-02 5.7189e-01 1.0251e+00
2.2231e-01 3.0418e-02 9.1720e-01
2.5722e-01 6.4202e-01 6.1138e-01
9.6149e-01 1.5486e-01 1.0932e+00
1.4719e-02 2.5335e-01 1.1773e+00
4.2176e-01 4.3263e-01 6.8899e-01
nan nan nan
8.3061e-01 1.9815e-01 5.8482e-01
3.4429e-01 1.5518e-01 6.2285e-01
5.5109e-01 4.3504e-01 1.5646e+00
6.6340e-01 3.9080e-01 4.3005e-01
7.2273e-01 2.0256e-01 1.5441e+00
3.0082e-02 6.2216e-01 7.4887e-01
3.9440e-01 9.4627e-02 1.2721e+00
8.5887e-01 5.0327e-01 7.1113e-01
2.5580e-01 5.1520e-01 1.2416e+00
7.6301e-01 2.3855e-01 7.8269e-01
4.0303e-01 5.2466e-01 5.5849e-01
3.8537e-01 3.8414e-01 8.2772e-01
2.4662e-01 3.0195e-01 1.1714e+00
4.9970e-01 2.3473e-01 9.5696e-01
1.0051e+00 3.9475e-02 1.3068e+00
3.6617e-01 1.5507e-01 1.2530e+00
3.1592e-01 2.6806e-01 1.6908e+00
6.1586e-01 3.3482e-01 1.1340e+00
7.2721e-01 3.0624e-01 9.1876e-01
3.0120e-01 3.9934e-01 4.2561e-01
8.0534e-01 4.2519e-02 1.1444e+00
8.8026e-01 1.9424e-01 1.1429e+00
4.1094e-01 2.7664e-01 1.2168e+00
2.0766e-01 1.7078e-02 3.2218e-01
6.7023e-02 1.6528e-01 1.0285e+00
3.9231e-01 7.3861e-01 7.8755e-01
2.3651e-01 1.4093e-01 1.2639e+00
1.4853e-02 2.2878e-01 1.2639e+00
1.7649e-01 2.8457e-01 1.5177e+00
3.2402e-01 7.4862e-01 8.2361e-01
7.2486e-02 3.0782e-01 1.6894e+00
4.8297e-01 4.3140e-01 8.3522e-01
2.5488e-01 8.4936e-02 1.3889e+00
1.3577e-01 2.1860e-01 6.9985e-01
2.9699e-01 5.1855e-01 8.4273e-01
4.8414e-01 6.1642e-03 1.5969e+00
4.0106e-01 5.5817e-01 1.0531e+00
5.0018e-01 9.1482e-01 1.3459e+00
5.2316e-01 2.3232e-01 1.3194e+00
1.1318e-01 1.3881e-01 1.1206e+00
nan nan nan
7.5723e-01 1.3412e-01 7.3611e-01
6.4117e-01 8.4893e-02 1.4873e+00
6.4383e-01 2.7682e-01 3.2531e-01
2.0235e-01 7.4084e-01 8.0003e-01
4.9652e-01 5.8381e-01 9.1724e-01
8.6824e-01 2.7189e-01 6.2379e-01
2.0065e-01 5.0217e-01 8.2396e-01
3.6026e-01 2.9048e-01 1.3526e+00
2.5210e-01 4.3380e-01 6.1427e-01
4.8023e-02 2.9590e-01 5.8655e-01
3.3254e-02 2.3894e-01 7.0866e-01
2.4471e-01 9.0849e-01 7.0589e-01
1.1591e-01 5.9792e-01 8.3291e-01
3.6238e-01 2.9038e-01 1.0513e+00
1.7795e-01 7.6624e-01 5.1516e-01
7.8489e-01 1.1653e-01 1.4205e+00
6.0127e-02 2.4260e-01 1.2221e+00
5.1673e-01 1.9845e-01 4.9089e-01
nan nan nan
nan nan nan
3.1048e-01 8.0782e-03 6.6457e-01
6.9491e-01 3.8134e-01 1.0592e+00
5.8614e-01 2.4035e-01 9.8172e-01
8.6867e-01 5.0182e-02 1.1971e+00
4.7638e-02 4.3551e-01 1.4093e+00
3.6725e-01 1.2665e-01 1.4791e+00
nan nan nan
2.0247e-01 5.4909e-01 9.9387e-01
8.7018e-01 2.3540e-01 8.6974e-01
2.6066e-01 5.4794e-01 5.5252e-01
3.7937e-01 4.5845e-01 1.9115e-01
8.2969e-02 4.0336e-01 1.2193e+00
5.3819e-01 3.1939e-01 1.7386e+00
9.5184e-01 1.1275e-01 8.3628e-01
4.5419e-01 5.5767e-02 1.4762e+00
4.4755e-01 8.7374e-02 1.4470e+00
4.6401e-01 2.9020e-01 8.4065e-01
5.6336e-01 3.7747e-01 4.7477e-01
2.1190e-01 3.2060e-01 4.5636e-01
9.8811e-01 1.3867e-01 1.2882e+00
9.5485e-01 1.3124e-01 1.0591e+00
2.4633e-01 2.5627e-01 1.2693e+00
2.1588e-01 1.3047e-01 5.5554e-01
1.3213e-01 3.4175e-01 1.4009e+00
3.4068e-01 7.1817e-01 6.8106e-01
2.7166e-01 1.1344e-01 1.0126e+00
9.0222e-03 1.6896e-01 1.0905e+00
7.7673e-02 1.2734e-01 1.2194e+00
4.1462e-01 6.7128e-01 2.9180e-01
1.2450e-01 3.2505e-01 9.6226e-01
3.4720e-01 2.3479e-01 6.7002e-01
1.2516e-01 5.5741e-02 1.5091e+00
1.4580e-01 2.1941e-01 1.2180e-01
6.6142e-02 4.5989e-01 7.3996e-01
5.7588e-01 9.4504e-02 7.8862e-01
5.7679e-01 3.9225e-01 8.2305e-01
4.3904e-01 7.5376e-01 8.0208e-01
3.2707e-01 3.4448e-01 1.0130e+00
1.9454e-01 6.0544e-02 1.3800e+00
6.8147e-01 2.9939e-01 1.2195e+00
7.6976e-01 1.1951e-01 2.8711e-01
7.4556e-01 6.5825e-02 6.5810e-01
5.7793e-01 3.5576e-01 7.0395e-01
2.1720e-01 6.2329e-01 8.7778e-01
4.0393e-01 5.8670e-01 1.1393e+00
8.4573e-01 1.4652e-01 9.0900e-01
3.1954e-01 3.3886e-01 8.3260e-01
9.1370e-01 4.6880e-01 2.8537e-01
3.2619e-01 2.8356e-01 2.2296e-01
8.2669e-02 3.0287e-01 9.8062e-01
9.4276e-03 1.2861e-01 8.6460e-01
8.8876e-02 7.2461e-01 7.2447e-01
1.4993e-02 5.9827e-01 8.2350e-01
3.9093e-01 3.6353e-01 9.9865e-01
9.0138e-02 6.8778e-01 2.1453e-01
7.3245e-01 3.9898e-04 1.4702e+00
1.0619e-01 1.3524e-01 9.9453e-01
4.7812e-01 2.7881e-01 1.0669e+00
nan nan nan
8.3526e-01 2.2224e-01 5.7817e-01
4.6381e-01 4.0600e-02 8.7445e-01
8.5238e-01 3.3820e-01 9.1077e-01
6.6269e-01 1.5340e-01 1.1108e+00
9.2536e-01 9.2180e-02 2.5719e-01
5.2008e-02 3.7121e-01 1.2385e+00
4.7309e-01 1.4359e-01 8.5342e-01
7.8764e-01 3.0694e-01 2.2728e-01
2.6713e-01 5.4598e-01 2.1079e-01
9.2918e-01 2.4144e-01 1.9514e+00
2.5177e-01 4.2941e-01 1.1640e+00
5.1422e-01 1.8117e-01 4.5409e-01
1.4947e-01 2.5214e-01 1.2277e+00
4.8204e-01 2.0378e-01 1.3703e+00
7.9046e-01 4.3890e-02 7.9763e-01
5.1188e-01 5.4889e-02 9.9920e-01
6.4240e-01 5.4669e-02 1.1672e+00
3.9926e-01 3.0815e-01 1.2896e+00
4.3276e-01 4.2671e-01 1.0681e+00
8.8555e-02 4.4669e-01 8.8648e-01
9.0899e-01 1.7113e-02 7.3833e-01
8.7964e-01 1.4014e-01 7.2423e-01
3.9545e-01 2.0229e-01 7.9932e-01
5.5454e-02 1.7211e-01 1.1413e-01
1.1855e-01 2.4876e-01 5.8277e-01
4.0425e-01 7.2942e-01 7.6549e-01
1.8404e-01 3.9532e-01 5.9688e-01
1.0497e-01 1.5091e-01 6.5773e-01
1.7642e-01 1.1479e-01 1.1825e+00
2.4493e-01 8.6148e-01 7.6315e-01
1.5001e-01 4.5716e-01 1.2182e+00
3.8068e-01 2.6313e-01 1.0432e+00
1.7481e-01 2.2963e-01 7.0655e-01
2.9029e-01 2.4680e-01 5.0770e-01
5.6107e-02 2.7475e-01 1.0159e+00
3.8527e-01 9.6466e-02 6.5988e-01
4.5837e-01 3.8036e-01 1.4729e+00
2.6941e-01 9.2014e-01 1.1523e+00
2.5201e-01 4.5669e-01 6.0257e-01
nan nan nan
6.6623e-01 2.2700e-01 1.0820e+00
8.9064e-01 4.2806e-02 1.3128e+00
6.0725e-01 8.9390e-02 4.6943e-01
5.4459e-01 3.9232e-01 6.8604e-01
3.0685e-01 6.3954e-01 1.0287e+00
5.1096e-01 4.6105e-01 1.1512e+00
7.1008e-01 5.2264e-02 4.8485e-01
2.6333e-01 4.1384e-01 1.0579e+00
8.8225e-01 3.9012e-01 3.4407e-01
2.6497e-01 4.1684e-01 2.1638e-01
1.4633e-01 5.1065e-01 1.0515e+00
1.2336e-01 1.5932e-01 4.1250e-01
2.2550e-02 3.0119e-01 1.1684e+00
6.3678e-02 4.6259e-01 2.6079e-01
5.3104e-01 2.0522e-01 1.0600e+00
2.3379e-02 7.2228e-01 6.3734e-01
5.0646e-01 2.0977e-01 1.9731e+00
3.2352e-01 6.2843e-02 9.5708e-01
3.4560e-01 2.9709e-01 1.0918e+00
nan nan nan
5.5487e-01 2.0039e-01 7.3265e-01
4.3858e-01 7.5486e-02 1.2725e-01
nan nan nan
7.9968e-01 3.1915e-02 1.1997e+00
9.1596e-01 2.3063e-01 3.5751e-01
3.1414e-02 3.9313e-01 6.2658e-01
4.4445e-01 1.6256e-01 1.4068e+00
7.3656e-01 3.9242e-01 2.2751e-01
3.0160e-01 3.4708e-01 4.1977e-01
nan nan nan
3.8491e-01 3.6535e-01 3.3582e-01
4.6029e-01 2.9612e-01 5.8855e-01
5.0438e-02 2.8056e-01 6.0713e-01
3.7292e-01 2.9739e-01 5.2382e-01
9.0136e-01 1.3059e-01 5.4403e-01
4.7100e-01 2.2378e-01 3.5787e-01
5.5500e-01 7.5380e-02 5.2934e-01
6.8372e-01 9.2445e-02 1.5081e+00
4.8868e-01 3.9909e-01 8.2233e-01
1.9328e-01 5.5445e-01 1.0728e+00
8.1731e-01 9.4307e-03 1.1333e+00
8.9478e-01 5.3651e-02 1.3416e+00
3.3574e-01 5.0643e-02 1.1648e+00
1.9507e-01 2.7393e-02 8.0816e-01
2.2902e-01 3.7808e-01 4.3724e-01
2.7619e-01 6.1574e-01 2.1932e-01
1.3920e-02 1.8642e-01 5.0436e-01
2.2208e-01 2.7465e-03 1.3283e+00
8.7386e-02 2.7808e-01 8.5696e-01
2.2047e-01 9.5924e-01 6.0370e-01
5.8002e-02 6.2644e-01 1.3898e+00
5.6026e-01 2.3444e-01 7.4402e-01
6.5504e-02 2.1151e-01 7.3438e-01
3.0678e-01 5.3258e-01 1.2246e+00
1.3989e-01 3.6318e-01 1.5926e+00
4.1140e-01 1.5625e-01 8.8703e-01
3.4843e-01 3.0322e-01 1.4565e+00
5.1977e-01 8.2225e-01 6.1066e-01
2.7812e-01 5.3633e-01 5.5502e-01
2.3880e-01 2.6807e-01 1.3661e+00
6.9220e-01 4.8001e-01 7.1247e-01
9.7311e-01 4.8361e-02 7.9002e-01
7.0206e-01 1.6269e-01 1.1517e+00
3.6364e-01 4.8879e-01 8.5901e-01
4.3589e-01 7.8036e-01 8.2860e-01
4.5967e-01 5.5812e-01 4.6166e-01
8.3906e-01 2.4153e-01 9.2329e-01
4.5418e-01 1.1113e-01 1.4957e+00
2.9484e-01 5.2146e-01 1.3805e+00
2.6818e-01 2.8966e-01 8.9325e-01
2.4976e-01 4.7002e-01 1.5316e+00
6.7548e-02 2.6874e-01 9.4499e-01
1.9133e-03 1.4704e-01 1.3542e+00
nan nan nan
5.3613e-01 2.2381e-01 1.1450e+00
1.7386e-01 3.4990e-01 1.7981e+00
4.3967e-01 2.6983e-01 1.4001e+00
1.1404e-01 3.0148e-02 1.4766e+00
3.4008e-01 5.8354e-01 7.0643e-01
nan nan nan
7.7133e-01 2.1180e-01 7.4109e-01
4.7498e-01 2.5207e-01 6.4152e-01
nan nan nan
7.7114e-01 2.8249e-03 6.0919e-01
8.6790e-01 3.5161e-01 8.6861e-01
6.1871e-02 4.4850e-01 8.1544e-01
4.8604e-01 1.0644e-01 1.4164e+00
7.4074e-01 1.6675e-01 9.6863e-01
3.2978e-01 2.9619e-01 1.5034e-01
nan nan nan
3.4033e-01 2.4310e-01 9.1344e-01
2.8866e-01 1.3717e-01 1.0593e+00
1.0806e-01 1.0137e-01 3.8908e-01
3.7709e-01 2.1751e-01 2.5305e-01
8.2237e-01 4.2190e-02 1.4339e+00
6.9979e-01 2.2772e-01 4.9919e-01
5.8029e-01 7.7517e-02 9.5271e-01
6.6698e-01 7.4637e-02 1.8673e+00
4.3951e-01 2.9501e-01 1.4095e+00
4.7546e-02 4.5289e-01 3.4732e-01
8.3232e-01 9.2153e-02 8.2730e-01
9.4344e-01 9.3364e-02 1.5139e+00
3.9948e-01 5.2065e-02 7.6381e-01
1.5999e-01 1.0519e-01 7.7028e-01
1.3934e-01 2.3034e-01 1.3081e+00
1.9207e-01 6.1797e-01 4.8244e-01
5.5396e-02 3.3284e-01 8.3696e-01
1.6587e-01 6.0841e-02 6.4222e-01
4.9344e-02 1.4445e-01 1.1167e+00
3.8544e-01 1.0472e+00 6.8553e-01
1.6031e-01 4.8312e-01 1.0798e+00
3.7815e-01 2.2822e-01 3.0081e-01
9.3173e-04 1.5080e-01 6.5775e-01
3.4213e-01 3.0279e-01 1.1449e+00
3.5818e-01 4.5203e-01 1.5654e+00
2.9500e-01 3.8018e-02 1.5385e+00
2.4933e-01 1.5206e-01 9.2262e-01
5.0846e-01 6.7883e-01 1.8297e-01
2.7443e-01 5.0400e-01 8.9653e-01
1.7177e-01 2.1296e-01 1.3239e+00
7.4323e-01 3.3357e-01 1.1327e+00
1.0130e+00 5.5615e-02 7.7752e-01
7.0135e-01 8.7251e-02 6.5268e-01
4.6075e-01 3.2417e-01 9.9993e-01
3.6409e-01 4.6381e-01 2.2376e-01
3.6747e-01 4.8740e-01 1.2232e+00
7.3252e-01 1.8119e-01 1.3978e+00
6.5217e-01 2.4641e-01 1.2003e+00
9.5308e-01 1.8754e-01 7.8538e-01
3.7547e-01 9.8383e-02 1.2011e+00
nan nan nan
9.7777e-02 4.8096e-01 9.6883e-01
1.4219e-01 1.4098e-01 1.7289e+00
6.2928e-02 5.4880e-01 4.4831e-01
3.9381e-01 1.9110e-01 1.2250e+00
1.1322e-01 2.0929e-01 8.9277e-01
2.4262e-01 1.9202e-01 1.6081e+00
4.4250e-02 8.5460e-02 1.1885e+00
5.9911e-03 4.3271e-01 4.6044e-01
nan nan nan
8.3683e-01 2.2122e-01 4.0158e-01
5.5443e-01 2.2375e-01 9.9343e-01
nan nan nan
7.8551e-01 1.5949e-03 3.0969e-01
8.0979e-01 2.2610e-01 1.0552e+00
2.3630e-01 3.5504e-01 1.3511e+00
5.8886e-01 2.8899e-02 1.4705e+00
6.0301e-01 2.2506e-01 4.4480e-01
3.0213e-01 2.6426e-01 1.3328e-01
8.3427e-01 3.0580e-01 8.2282e-01
2.8514e-01 1.9938e-01 1.2354e+00
3.2455e-01 7.2969e-02 1.4783e+00
3.5137e-02 2.4652e-01 3.0788e-01
2.9770e-01 2.8273e-01 6.6912e-02
7.9096e-01 8.1111e-02 8.6981e-01
7.2302e-01 6.4402e-02 5.4944e-01
4.9970e-01 2.5156e-02 4.9904e-01
7.5805e-01 1.7436e-01 6.3396e-01
4.4019e-01 3.7890e-01 5.2642e-01
nan nan nan
7.0606e-01 1.6064e-01 1.3929e+00
8.9834e-01 3.3318e-02 7.7320e-01
4.0750e-01 2.7815e-03 8.0210e-01
1.9311e-01 2.2052e-01 6.5277e-01
1.5162e-01 4.5113e-01 8.8813e-01
1.8023e-01 5.6203e-01 3.0067e-01
7.2718e-02 5.4020e-01 3.8830e-01
4.3872e-01 9.1055e-03 3.5572e-01
9.7468e-02 7.2401e-02 1.1037e+00
4.9533e-01 8.7376e-01 1.4303e+00
6.0707e-02 6.2101e-01 8.9676e-01
5.1678e-01 3.3031e-01 8.8463e-01
1.5407e-03 2.3462e-01 5.4859e-01
4.3274e-01 1.0912e-01 9.4304e-01
3.4026e-01 5.5476e-01 9.6808e-01
4.0445e-01 2.1282e-01 1.4374e+00
2.9126e-01 1.5151e-02 9.4723e-01
5.1871e-01 6.2683e-01 8.9886e-01
1.9107e-01 6.8506e-01 1.2482e+00
nan nan nan
5.5691e-01 2.1466e-01 1.1472e+00
8.8510e-01 9.1507e-02 1.6185e+00
6.2253e-01 1.0265e-01 1.2144e+00
4.0470e-01 3.8515e-01 6.6848e-01
3.7113e-01 6.1233e-01 6.8225e-02
nan nan nan
8.4562e-01 1.3330e-01 1.0427e+00
nan nan nan
3.9629e-01 1.2198e-01 8.1530e-01
3.4428e-01 9.7997e-02 9.3720e-01
nan nan nan
1.6763e-01 5.8935e-01 9.7154e-01
3.0691e-02 9.4169e-02 1.2557e+00
1.7502e-01 4.7242e-01 4.0392e-01
4.9163e-01 3.3212e-01 1.3319e+00
6.2311e-02 4.0495e-01 3.5586e-01
2.7488e-01 2.1415e-01 1.1778e+00
1.2066e-01 1.1927e-01 1.4733e+00
1.4660e-01 5.2674e-01 9.7614e-01
nan nan nan
8.8147e-01 3.4227e-01 5.6056e-01
4.9222e-01 2.5259e-01 7.4997e-01
nan nan nan
6.7161e-01 1.5092e-01 1.3580e-01
9.6259e-01 1.8398e-01 2.6470e-01
1.4921e-01 4.9455e-01 1.2075e+00
4.4339e-01 1.2160e-02 1.4511e+00
6.7446e-01 3.0736e-01 4.5913e-01
2.0961e-01 4.4158e-01 1.1829e+00
5.8614e-01 4.7379e-01 1.2784e+00
8.3381e-02 3.8864e-01 8.7198e-01
3.4145e-01 1.5509e-02 1.5399e+00
4.9587e-02 2.4510e-01 9.2522e-01
1.4214e-01 1.8797e-01 3.0719e-01
7.7177e-01 1.3142e-01 6.2549e-01
5.1692e-01 1.6495e-01 5.5807e-01
7.5189e-01 6.8092e-02 7.3087e-01
8.0531e-01 4.5879e-02 1.0664e+00
4.2298e-01 4.6469e-01 1.1532e+00
nan nan nan
7.0765e-01 1.4462e-02 1.1834e+00
9.3022e-01 7.2690e-02 1.4021e+00
5.9555e-01 4.1646e-02 9.9493e-01
1.6977e-01 1.7447e-01 8.0636e-01
1.6264e-02 2.2267e-01 1.0512e+00
2.7232e-01 6.6346e-01 8.9768e-01
6.7824e-02 4.4488e-01 8.0350e-01
5.4169e-01 5.8873e-02 1.0068e+00
1.7255e-01 2.7187e-01 8.5491e-01
2.7415e-01 7.6623e-01 1.3658e+00
1.2359e-01 5.7423e-01 9.5025e-01
4.2575e-01 8.4330e-02 7.8743e-01
1.2255e-01 4.1011e-02 8.2880e-01
5.0401e-01 3.3238e-01 6.3652e-01
4.1688e-01 5.5799e-01 1.0308e+00
3.0987e-01 3.5519e-01 8.6499e-01
3.5406e-01 2.4403e-02 5.5718e-01
3.0969e-01 7.2828e-01 9.0062e-01
2.4437e-01 8.4786e-01 8.3234e-01
nan nan nan
5.3826e-01 3.1627e-01 1.2249e+00
1.0216e+00 8.4792e-02 1.2110e+00
6.8903e-01 2.3385e-01 7.4603e-01
5.4891e-01 4.1931e-01 8.7452e-01
4.5664e-01 5.6451e-01 5.1026e-01
5.2074e-01 5.9812e-01 5.7132e-01
8.7257e-01 2.9243e-01 1.2047e+00
4.0212e-01 4.1212e-01 1.0460e+00
3.7549e-01 2.0680e-01 1.0932e+00
2.8123e-01 1.3911e-01 9.7229e-01
nan nan nan
1.5242e-01 6.0093e-01 1.7305e+00
1.5409e-01 2.6539e-01 1.6476e+00
5.4442e-05 5.2068e-01 6.8052e-01
4.1279e-01 3.8127e-01 5.6019e-01
1.4982e-01 3.7267e-01 2.4492e-01
3.6224e-01 1.9931e-01 1.1551e+00
5.1524e-02 9.8884e-02 1.2328e+00
3.0146e-01 4.0484e-01 1.3434e+00
nan nan nan
9.5703e-01 1.5005e-01 1.3683e+00
6.0469e-01 2.9608e-01 9.4785e-01
3.9988e-01 7.9402e-01 1.4126e+00
7.0794e-01 1.2990e-01 6.2996e-01
9.7443e-01 2.5935e-01 1.1335e+00
2.6325e-01 5.0458e-01 1.0805e+00
3.3938e-01 2.0557e-02 1.5867e+00
6.2349e-01 2.8497e-01 9.7528e-01
1.5273e-01 4.9987e-01 1.0485e+00
4.3551e-01 6.0212e-01 1.0144e+00
6.2170e-02 5.2766e-01 1.2728e-01
4.0080e-01 8.3673e-02 1.2985e+00
1.9778e-03 3.5719e-01 4.3137e-01
5.5558e-02 1.8282e-01 1.3685e-01
7.7918e-01 1.0933e-01 6.1786e-01
6.1565e-01 2.6202e-01 9.4977e-01
6.6364e-01 1.1900e-01 1.4965e+00
7.3901e-01 3.9140e-02 1.6271e+00
2.6945e-01 2.3608e-01 1.5372e+00
nan nan nan
7.3252e-01 1.0320e-01 9.0215e-01
8.5571e-01 3.4613e-01 1.1526e+00
5.5744e-01 1.8186e-01 8.9266e-01
1.8561e-01 1.2353e-03 8.2495e-01
3.2243e-02 1.7785e-01 8.0362e-01
4.5557e-01 7.9339e-01 3.2462e-01
2.3568e-02 4.0481e-01 1.1069e+00
4.5441e-01 3.5862e-01 1.2303e+00
4.8055e-01 1.8770e-02 4.6564e-01
4.5829e-01 9.8114e-01 1.9071e+00
6.7124e-02 4.7975e-01 4.0248e-01
4.3590e-01 1.3699e-01 1.2535e+00
1.1691e-01 1.2015e-02 7.5491e-01
6.1800e-01 1.6180e-01 1.0739e+00
4.8856e-01 7.6139e-01 9.5592e-01
3.7653e-01 3.8718e-01 8.0116e-01
2.5144e-01 1.3836e-01 6.5853e-01
2.6506e-01 7.5818e-01 1.2406e+00
1.6637e-01 1.0351e+00 7.7035e-01
nan nan nan
7.3894e-01 4.9286e-01 7.6982e-01
8.7509e-01 5.4069e-02 1.1644e+00
6.5229e-01 2.5177e-01 1.1373e+00
7.6564e-01 2.3364e-01 8.5350e-01
5.1389e-01 6.0024e-01 4.6947e-01
3.9789e-01 6.1461e-01 1.2941e+00
7.6393e-01 3.6526e-01 1.0873e+00
2.5829e-01 4.5783e-01 9.6493e-01
9.3157e-01 1.7278e-01 9.2010e-01
4.4492e-01 3.7372e-02 1.1524e+00
nan nan nan
2.2064e-01 9.1142e-01 9.6015e-01
1.6461e-01 3.9387e-01 7.1757e-01
1.6074e-01 6.0843e-01 3.5732e-01
4.3914e-01 4.1274e-01 2.5061e-01
3.2333e-01 6.2484e-01 6.6838e-01
2.3161e-01 9.3243e-02 7.3264e-01
4.1326e-03 5.1731e-03 9.4545e-01
2.7981e-01 2.8319e-01 9.6248e-01
3.7473e-01 5.0245e-01 1.4807e+00
1.0014e+00 6.9939e-02 1.1414e+00
3.4700e-01 4.2013e-01 9.0684e-01
nan nan nan
6.7082e-01 4.9483e-02 1.4125e+00
9.2222e-01 2.5226e-01 7.7889e-01
2.8599e-01 5.8686e-01 4.4495e-01
3.5488e-01 1.5880e-01 1.3266e+00
6.1107e-01 3.2279e-01 1.4360e+00
2.1991e-01 5.3871e-01 9.0683e-01
4.7267e-01 4.7966e-01 6.8641e-01
9.6472e-02 4.1091e-01 1.1587e-01
3.9661e-01 8.2300e-02 8.4365e-01
1.2942e-01 1.1486e-01 6.7247e-01
9.4497e-02 1.6656e-02 2.9659e-01
nan nan nan
7.4856e-01 6.0386e-01 7.5925e-01
5.5099e-01 2.4676e-02 1.8652e+00
6.3715e-01 1.3718e-01 1.3113e+00
5.0574e-01 3.5900e-01 1.1201e+00
nan nan nan
7.1973e-01 3.2916e-01 5.7000e-01
3.9337e-01 2.4797e-01 1.0152e+00
6.8011e-01 2.6285e-01 9.9516e-01
1.7376e-01 3.6020e-02 7.4825e-01
8.9631e-03 4.5097e-01 1.0776e+00
5.9211e-01 6.4738e-01 5.5533e-01
1.6321e-02 7.8176e-01 1.2215e+00
5.4935e-01 1.4377e-01 5.4796e-01
5.3303e-01 1.1971e-01 6.1936e-01
2.1622e-01 9.9532e-01 8.2346e-01
8.7291e-02 6.4110e-01 6.2086e-01
4.1253e-01 4.8284e-01 8.2210e-01
1.6089e-01 5.6647e-02 1.3035e+00
6.4775e-01 1.7690e-01 1.0567e+00
4.2666e-01 5.7178e-01 1.2768e+00
3.1860e-01 4.6156e-01 1.2660e+00
4.0003e-01 1.9492e-01 6.5224e-01
nan nan nan
nan nan nan
nan nan nan
7.7922e-01 6.5240e-01 7.8869e-01
9.8696e-01 1.5249e-01 3.1400e-01
7.8879e-01 1.4747e-01 2.1848e-01
7.4041e-01 2.2360e-01 8.6255e-01
4.8015e-01 8.4819e-01 3.9669e-01
5.2404e-01 7.5587e-01 9.4593e-01
8.5405e-01 2.3773e-01 1.1086e+00
1.1242e-01 5.3216e-01 1.2248e+00
9.7055e-01 1.6969e-03 1.0749e+00
4.3605e-01 4.0758e-03 7.9172e-01
nan nan nan
9.5269e-02 6.4102e-01 1.3890e+00
1.3293e-01 4.2975e-01 1.0760e+00
8.6067e-02 7.2481e-01 3.0546e-01
4.4085e-01 2.2138e-01 1.0435e+00
2.1512e-01 5.4318e-01 9.1462e-01
2.9685e-01 3.2393e-02 1.1197e+00
8.5855e-04 1.2455e-02 1.0589e+00
2.2525e-01 3.6286e-01 7.3628e-01
4.1265e-01 8.5856e-01 9.4255e-01
8.0082e-01 1.5015e-01 1.0256e+00
3.7635e-01 6.0999e-01 1.0970e+00
nan nan nan
5.2361e-01 1.0654e-01 8.9864e-01
8.5027e-01 3.6341e-01 6.9111e-01
5.8133e-01 5.3830e-01 8.0573e-01
4.2932e-01 1.0259e-01 1.3663e+00
6.1983e-01 2.6281e-01 8.3387e-01
7.2943e-02 5.0149e-01 1.4783e+00
6.0292e-01 4.2423e-01 5.7367e-01
3.8862e-02 2.7121e-01 1.2115e+00
3.7787e-01 4.2733e-01 9.6092e-01
1.4061e-01 3.2826e-01 1.5022e-01
5.1175e-02 1.7350e-01 1.6315e+00
9.0628e-01 1.4872e-02 8.1032e-01
5.6953e-01 2.3891e-01 5.2255e-01
4.8593e-01 1.4356e-01 1.3295e+00
7.3008e-01 4.6821e-02 6.5607e-01
3.1321e-01 2.6117e-01 1.1488e+00
nan nan nan
7.0584e-01 3.2203e-01 1.9958e-01
7.2263e-01 1.3162e-01 1.1087e+00
7.7701e-01 2.4991e-01 7.6104e-01
8.1331e-03 1.7908e-02 6.5178e-01
1.0995e-01 2.0055e-01 7.1910e-01
2.6527e-01 5.1027e-01 1.1881e+00
1.2102e-01 6.1232e-01 6.3840e-01
nan nan nan
4.0423e-01 1.4226e-01 5.6009e-01
nan nan nan
1.3651e-01 7.8465e-01 3.6798e-01
3.3816e-01 6.8694e-02 9.1032e-01
9.0684e-02 1.2800e-02 8.3623e-01
6.5029e-01 6.4917e-02 4.4953e-01
4.2542e-01 4.4868e-01 1.0114e+00
2.8302e-01 2.4541e-01 9.6587e-01
2.3751e-01 5.3076e-02 1.0545e+00
4.1032e-01 1.8196e-01 1.7697e+00
1.8859e-01 7.2163e-01 3.4921e-01
nan nan nan
7.1399e-01 4.9872e-01 7.2098e-01
8.8730e-01 1.3180e-01 1.0098e+00
5.0748e-01 4.1828e-01 8.5621e-01
3.6251e-01 3.6319e-01 5.5123e-01
4.7016e-01 6.1484e-01 4.2643e-01
3.6151e-01 6.1948e-01 8.4065e-01
7.4677e-01 1.2513e-01 1.0440e+00
1.5809e-02 5.2937e-01 5.2156e-01
8.6343e-01 1.5043e-01 8.8541e-01
5.1900e-01 2.0281e-02 1.0450e+00
nan nan nan
2.9182e-01 8.4561e-01 1.0657e+00
1.2187e-01 4.1941e-01 1.6299e-01
2.1998e-01 5.4952e-01 7.8876e-02
3.9574e-01 2.1383e-01 4.9901e-01
3.4866e-01 4.2044e-01 9.1047e-01
2.2783e-01 2.1924e-01 8.1031e-01
4.1920e-02 1.3850e-01 3.9354e-01
2.0433e-01 2.0636e-01 1.6784e-01
1.7059e-01 5.4213e-01 4.6818e-01
6.8247e-01 1.2650e-01 1.0272e+00
4.2745e-01 5.4696e-01 1.1051e+00
7.5814e-01 4.6329e-01 1.3799e-01
4.6515e-01 1.5751e-01 3.1588e-01
6.5305e-01 3.5912e-01 4.0729e-01
4.9608e-01 4.8175e-01 1.0930e+00
4.0070e-01 8.6804e-03 1.2025e+00
5.5219e-01 2.7076e-01 8.7584e-01
1.0300e-01 4.4022e-01 1.1635e+00
5.4562e-01 4.5620e-01 7.1008e-01
9.6462e-02 9.2929e-02 2.3613e-01
5.3313e-01 2.2205e-01 1.1087e-01
1.5170e-01 2.7584e-01 3.2122e-01
4.5343e-02 3.8703e-01 1.1626e+00
9.1323e-01 2.5804e-02 3.8835e-01
4.9622e-01 3.1281e-01 8.8465e-01
5.5761e-01 2.7065e-01 1.0572e+00
7.4616e-01 2.7593e-01 9.4907e-01
3.1737e-01 2.4855e-01 1.0778e+00
nan nan nan
7.9605e-01 2.7911e-01 3.0034e-01
7.4267e-01 2.5318e-01 9.8775e-01
8.6389e-01 4.0568e-01 4.7091e-01
6.0880e-02 2.9976e-01 8.0906e-01
1.4422e-01 9.8095e-02 9.5137e-01
1.9644e-01 8.1197e-01 1.1104e+00
2.2585e-01 6.6290e-01 1.4819e+00
8.2099e-01 7.4032e-02 8.4924e-01
2.9154e-01 2.0112e-01 6.5336e-01
3.0404e-01 8.7629e-01 7.8329e-01
1.0031e-01 9.1966e-01 4.8288e-01
2.4611e-01 1.2050e-01 1.4698e+00
1.0526e-01 1.3775e-01 1.6248e+00
5.8138e-01 2.5806e-02 8.2324e-01
5.2445e-01 3.5083e-01 1.0500e-01
5.7098e-01 1.6218e-01 9.6238e-01
2.1541e-01 1.9557e-01 1.1539e+00
3.8561e-01 1.5783e-01 1.4553e+00
2.1243e-01 7.5868e-01 3.0027e-01
nan nan nan
7.8356e-01 4.6573e-01 9.7291e-01
1.0029e+00 1.3911e-01 1.0123e+00
6.0208e-01 4.9533e-01 1.0359e+00
7.4226e-01 2.6111e-01 1.6234e+00
6.2873e-01 6.6937e-01 6.5530e-01
2.3898e-01 4.4138e-01 8.0303e-01
8.3125e-01 2.2582e-01 6.6496e-01
1.2024e-01 3.4546e-01 1.4525e+00
7.9714e-01 1.3426e-01 1.2198e+00
4.7735e-01 2.3157e-01 4.6568e-01
nan nan nan
3.6976e-01 9.2102e-01 1.8132e+00
1.6741e-01 2.9300e-01 3.0340e-01
1.6145e-01 6.3870e-01 5.2568e-01
4.6518e-01 1.2516e-02 7.7781e-01
2.1965e-01 3.7269e-01 6.4936e-01
2.2636e-01 3.3950e-02 9.3050e-01
3.9102e-02 1.8695e-01 6.8810e-01
1.2350e-01 1.1420e-01 2.7288e-01
2.7772e-01 4.4741e-01 6.9530e-01
8.9073e-01 3.5360e-01 7.7618e-01
3.8598e-01 3.7083e-01 1.1947e+00
7.5880e-01 5.8827e-01 3.1475e-01
6.1157e-01 6.2790e-01 6.8119e-01
6.2512e-01 1.8555e-02 1.3638e+00
3.1175e-01 4.0416e-01 1.1393e+00
3.1427e-01 7.7220e-02 1.2290e+00
4.0631e-01 1.2285e-01 7.3974e-01
1.7710e-01 2.2886e-01 1.2570e+00
5.4310e-01 5.1702e-01 1.1747e+00
7.5075e-02 4.7523e-03 7.1179e-01
nan nan nan
1.4076e-01 3.6767e-01 3.3906e-01
2.0598e-01 5.5434e-01 1.1389e+00
