# d_x d_y d_z
8.7904e-02 7.3589e-02 2.8517e-01
5.3647e-01 5.2068e-01 4.9745e-01
2.9910e-01 7.8020e-02 1.9357e-01
3.2928e-01 1.4039e-01 3.3983e-01
1.4530e-01 4.1946e-01 4.1499e-01
5.9733e-01 1.0054e-01 6.4763e-01
4.0694e-01 1.0906e-01 3.6473e-01
5.6782e-01 1.9641e-01 3.2973e-01
2.6723e-01 2.6590e-01 3.3644e-01
2.3544e-01 2.8998e-01 3.3782e-01
1.7383e-01 1.2337e-01 4.8939e-01
2.3227e-01 1.0830e-01 4.4003e-01
4.5746e-01 4.8923e-01 3.0191e-01
2.1329e-02 4.2691e-01 1.8939e-01
5.6832e-01 4.0855e-01 4.3694e-01
7.5565e-02 8.2516e-01 4.1242e-01
5.8953e-02 7.2269e-01 1.9177e-01
1.9881e-01 2.5306e-01 1.0870e-01
1.5922e-02 1.0588e-01 3.7354e-01
7.8453e-01 1.8218e-01 3.1084e-01
2.0580e-01 5.1070e-02 4.4986e-01
1.2471e-02 7.6592e-01 1.9914e-01
3.6534e-01 5.8511e-01 3.9500e-01
8.8429e-02 6.9214e-01 1.8631e-01
5.6457e-01 4.3386e-01 2.0358e-01
7.3715e-02 4.0301e-01 4.6151e-01
9.2448e-01 8.1591e-01 3.7084e-01
9.2661e-02 2.2672e-01 3.1667e-01
nan nan nan
nan nan nan
2.1645e-01 5.2084e-01 5.2571e-01
5.0358e-01 3.0985e-01 3.4079e-01
4.2224e-01 2.9653e-01 4.3193e-01
9.1824e-02 3.4754e-01 1.3569e-01
5.7711e-01 1.3295e-01 4.4301e-01
5.1093e-01 4.8702e-01 2.3158e-01
3.6996e-01 4.7122e-01 3.4953e-01
5.8258e-01 9.3536e-02 3.5514e-01
2.6856e-01 4.6413e-01 4.9406e-01
8.2112e-01 1.0824e-01 1.2649e-01
5.6156e-01 3.7546e-01 2.0373e-01
3.3403e-01 3.0079e-01 2.9675e-01
6.3973e-01 1.9425e-01 2.3167e-01
1.5041e-02 3.8228e-01 5.8685e-01
3.0601e-02 4.8774e-01 3.7907e-01
4.3761e-01 2.4880e-01 4.2143e-01
1.1601e-01 5.1142e-01 4.4900e-01
1.8090e-01 6.8141e-01 4.0535e-01
6.0774e-01 3.8667e-01 4.0913e-01
1.2891e-01 5.0889e-01 4.1266e-01
2.8914e-01 6.4285e-01 3.8718e-01
1.0546e-01 2.7300e-01 3.0935e-01
1.0735e-01 5.3672e-02 6.0538e-02
3.8849e-01 4.7487e-01 5.0575e-01
7.8402e-01 7.9552e-02 4.4676e-01
2.7413e-01 5.7890e-01 2.0425e-01
3.8764e-01 1.9773e-01 2.6806e-01
6.4813e-01 2.3000e-01 4.9966e-01
1.7085e-01 4.1244e-01 3.6380e-01
8.7282e-01 2.9813e-01 4.6678e-01
3.0598e-01 9.2912e-04 4.0691e-01
7.2382e-02 1.0864e-01 4.5084e-01
2.9664e-01 6.9718e-01 4.7752e-01
4.2742e-01 1.2035e-01 4.9354e-01
2.4995e-01 4.7488e-01 2.0575e-01
4.7197e-01 7.1759e-01 5.6061e-01
5.6964e-01 6.2889e-01 2.4251e-01
2.8374e-01 1.5778e-01 3.7570e-01
3.2857e-01 8.6023e-01 2.2214e-01
1.7860e-01 6.2730e-02 5.0489e-01
4.4505e-02 3.3272e-01 4.3124e-01
1.2668e-01 6.7566e-01 5.1724e-01
5.2129e-01 1.5924e-02 3.3671e-01
6.4470e-01 5.1528e-02 1.6415e-01
5.1067e-01 6.6469e-02 3.4178e-01
8.8740e-01 3.9654e-01 4.1543e-01
7.5324e-01 2.5743e-01 5.5007e-01
5.3378e-01 3.3945e-01 3.1006e-01
7.6829e-01 1.9509e-01 4.6424e-01
4.6760e-01 1.8078e-01 1.4284e-01
1.2937e-01 4.6139e-03 4.9333e-01
5.3885e-01 6.7298e-01 2.6573e-01
2.5999e-01 9.6694e-02 4.3736e-01
5.6915e-01 1.2709e-01 1.5704e-01
4.2315e-02 5.0677e-01 4.2088e-01
6.2597e-01 2.2075e-01 3.7378e-01
4.8910e-01 8.3760e-02 5.0164e-01
9.4866e-01 2.9924e-01 5.5673e-01
2.3625e-01 2.8262e-01 3.6344e-01
2.0082e-01 3.2870e-01 3.0545e-01
3.0659e-01 5.1793e-03 1.9898e-01
1.8694e-01 1.9093e-01 3.3156e-01
5.0149e-01 4.3235e-01 5.8042e-01
1.0318e-01 5.4511e-01 4.7546e-01
5.4682e-01 3.7542e-01 3.6020e-01
5.7580e-02 8.3095e-01 3.6993e-01
8.8372e-02 8.3594e-01 3.6321e-01
1.5640e-01 2.5824e-01 2.6114e-01
4.3573e-02 3.4768e-02 3.1957e-01
8.3498e-01 9.2947e-02 3.4471e-01
1.8384e-01 3.2566e-02 4.1156e-01
1.5139e-01 6.3359e-01 3.1440e-01
3.7727e-01 5.5243e-01 3.6172e-01
7.8690e-02 6.4478e-01 2.5299e-01
5.3144e-01 5.4424e-01 3.5751e-01
1.4742e-01 5.0415e-01 4.6895e-01
nan nan nan
2.6299e-01 3.0540e-01 2.4225e-01
6.2801e-01 4.8322e-01 4.4134e-01
6.3913e-01 4.2880e-01 5.0444e-01
2.6173e-01 4.2634e-01 5.8225e-01
4.5127e-01 3.2965e-01 1.4682e-01
4.1955e-01 4.0541e-01 4.1070e-01
1.1954e-02 2.9359e-01 2.1279e-01
6.7155e-01 6.2474e-04 4.1903e-01
5.2868e-01 5.7676e-01 2.1209e-01
3.5792e-01 4.4754e-01 1.5214e-01
4.9988e-01 1.1573e-01 3.4544e-01
1.4314e-01 4.7725e-01 4.4757e-01
8.0883e-01 1.7850e-01 2.8750e-01
3.1039e-01 1.1605e-01 2.6671e-01
4.2999e-01 4.2054e-01 4.9490e-01
6.4358e-01 7.5499e-02 5.5072e-01
3.0320e-02 4.5717e-01 4.4839e-01
5.5780e-02 4.9590e-01 4.4072e-01
3.8469e-01 3.1632e-01 4.8194e-01
1.7155e-01 6.9317e-01 3.6780e-01
2.2073e-01 7.1046e-01 3.0891e-01
5.9718e-01 3.7991e-01 5.9052e-01
1.6592e-01 4.6928e-01 4.1574e-01
2.8561e-01 6.2169e-01 3.7306e-01
1.2323e-01 3.9988e-01 3.2035e-01
1.6276e-01 1.1877e-01 2.5713e-01
3.1257e-01 4.8876e-01 4.6687e-01
6.3615e-01 1.7224e-01 4.6587e-01
2.7686e-01 5.1594e-01 2.9711e-01
1.7106e-01 1.1972e-01 6.0519e-01
7.7527e-01 2.7979e-01 1.3572e-01
9.3772e-01 4.9154e-01 2.8212e-01
9.1013e-01 1.3358e-01 6.5466e-01
3.8975e-01 3.3604e-02 3.5644e-01
6.5644e-02 5.6010e-02 3.1881e-01
3.6777e-01 6.9334e-01 4.3955e-01
4.9257e-01 1.1224e-01 4.3232e-01
nan nan nan
3.2152e-01 6.6454e-01 5.2652e-01
9.7914e-01 4.9300e-01 3.6107e-01
3.1579e-01 1.5281e-01 4.2652e-01
2.6211e-01 8.0097e-01 4.6027e-01
7.9937e-02 2.2360e-01 3.0316e-01
9.8395e-03 4.0808e-01 3.3538e-01
1.2226e-01 7.0307e-01 4.5333e-01
4.9323e-01 2.6274e-02 3.3864e-01
5.5054e-01 1.9101e-01 3.8639e-01
5.8148e-01 5.2048e-02 2.5728e-01
7.2650e-01 4.0672e-01 3.9685e-01
4.6595e-01 6.1829e-01 4.2212e-01
4.5348e-01 3.1060e-01 3.2028e-01
9.3020e-01 1.7851e-01 3.5826e-01
3.4092e-01 1.9769e-01 5.0662e-01
2.9050e-02 3.3038e-01 2.5532e-01
5.2864e-01 9.1539e-01 2.3712e-01
2.4501e-01 1.5188e-01 4.0559e-01
5.2481e-01 9.5356e-02 3.0384e-01
6.5754e-02 4.6676e-01 3.8974e-01
6.5444e-01 3.0586e-01 4.3929e-01
4.8490e-01 8.2064e-02 4.8346e-01
8.7210e-01 1.5286e-01 4.1607e-01
1.7430e-01 2.1420e-01 4.3367e-01
8.4292e-02 5.5025e-01 4.0941e-01
2.9314e-01 3.5040e-02 3.0555e-01
2.7290e-01 9.4753e-02 2.0112e-01
4.2202e-01 4.0817e-01 4.0314e-01
3.1487e-02 4.3705e-01 3.4381e-01
5.3909e-01 1.1915e-01 3.8632e-01
nan nan nan
5.0568e-02 8.6760e-01 3.4787e-01
8.4696e-02 3.3101e-01 3.0598e-01
5.3215e-02 1.1156e-01 2.3572e-01
8.5487e-01 3.9464e-02 2.3006e-01
1.9931e-01 5.6128e-02 1.7508e-01
1.4252e-01 7.7431e-01 1.8712e-01
3.1086e-01 5.4663e-01 5.2793e-01
1.6322e-01 6.9534e-01 2.8270e-01
4.5735e-01 3.8770e-01 1.5472e-01
2.3662e-01 5.1630e-01 1.4041e-01
nan nan nan
1.5859e-01 2.4720e-01 3.2084e-01
6.7387e-01 2.6655e-01 1.8079e-01
6.1244e-01 5.3114e-01 3.2416e-01
3.0965e-01 4.0757e-01 3.9839e-01
5.6471e-01 2.5782e-01 3.9231e-01
4.5833e-01 3.7797e-01 4.3077e-01
9.7604e-02 2.3626e-01 3.3856e-01
7.8778e-01 1.8698e-02 2.7461e-01
5.7517e-01 6.9342e-01 3.1727e-01
3.6520e-01 5.3552e-01 3.7234e-01
3.7226e-01 2.4972e-01 2.7140e-01
2.9190e-01 4.2208e-01 1.1212e-01
3.8648e-01 2.7704e-01 2.9341e-01
4.4096e-01 2.7798e-01 2.8175e-01
4.8086e-01 4.6559e-01 4.3727e-01
7.7290e-01 2.2663e-01 3.5930e-01
9.1359e-02 3.4443e-01 4.5442e-01
8.9300e-02 6.1146e-01 4.4432e-01
2.5200e-01 3.6091e-01 2.7487e-01
3.3989e-02 6.1869e-01 4.4128e-01
1.6638e-01 4.5121e-01 3.3763e-01
6.6108e-01 2.5517e-01 1.8356e-01
2.4817e-01 3.6871e-01 3.9186e-01
2.9193e-01 6.4807e-01 3.0405e-01
1.7413e-01 4.1622e-01 4.7246e-01
2.4209e-01 8.1073e-02 3.5852e-01
1.6188e-01 5.3453e-01 5.8263e-01
6.8924e-01 1.8746e-02 2.8969e-01
2.2702e-01 5.5088e-01 2.3013e-01
2.7520e-01 2.0657e-01 4.5810e-01
8.2385e-01 3.7206e-01 2.8627e-01
9.7201e-01 3.1496e-01 4.1237e-01
9.8809e-01 1.3218e-01 1.1884e-01
3.6014e-01 1.4405e-01 1.7631e-01
8.9541e-02 1.0523e-01 2.4579e-01
4.7229e-01 7.0586e-01 3.4287e-01
4.1124e-01 6.1076e-02 2.0900e-01
3.2047e-01 5.9341e-01 2.1029e-01
3.0210e-01 7.1276e-01 3.3241e-01
9.7878e-01 4.3610e-01 1.8401e-01
3.5444e-01 2.2806e-01 4.6050e-01
3.4734e-01 9.0081e-01 2.5817e-01
2.6886e-02 1.1509e-01 3.9533e-01
1.4721e-01 3.1273e-01 4.3657e-01
1.5794e-01 6.0783e-01 3.1846e-01
5.2081e-01 5.9572e-02 3.7139e-01
6.5366e-01 1.1404e-01 4.5515e-01
5.9765e-01 1.5061e-01 3.8025e-01
7.2871e-01 3.9324e-01 3.3560e-01
4.0453e-01 4.3811e-01 3.5025e-01
6.4535e-01 3.6245e-01 2.5195e-01
8.0008e-01 4.2614e-03 4.3308e-01
4.7352e-01 2.0970e-01 3.0205e-01
6.8581e-02 2.4047e-01 3.4186e-01
5.5607e-01 6.5203e-01 3.8559e-01
2.5598e-01 1.9340e-01 5.0529e-01
5.7724e-01 1.4505e-01 2.9097e-01
1.1477e-01 7.0737e-01 3.4539e-01
6.4715e-01 3.0376e-01 2.6332e-01
4.3073e-01 3.9319e-02 5.0027e-01
8.0403e-01 2.2797e-01 4.0569e-01
1.5390e-01 3.5784e-01 1.8934e-01
1.9392e-02 4.7265e-01 2.4704e-01
2.7282e-01 1.4641e-01 3.4207e-01
3.2703e-01 6.4348e-02 2.4107e-01
3.6197e-01 5.0660e-01 2.4927e-01
4.2592e-02 3.6398e-01 1.6664e-01
6.3074e-01 1.8568e-01 3.1839e-01
1.2267e-01 7.7009e-01 1.7155e-01
1.5137e-01 8.4268e-01 4.5478e-01
1.8747e-01 2.7523e-01 3.0745e-01
3.8494e-02 1.0392e-01 3.9790e-01
8.9062e-01 1.9567e-02 3.0996e-01
1.1409e-01 1.6554e-01 1.6811e-01
1.3157e-01 6.4366e-01 3.8329e-01
3.0453e-01 5.8694e-01 5.1946e-01
4.5081e-02 7.8624e-01 3.4169e-01
3.8798e-01 5.9256e-01 2.7067e-01
3.7716e-01 3.2985e-01 2.0390e-01
nan nan nan
1.0952e-01 1.5078e-01 3.2819e-01
8.2013e-01 2.6747e-01 2.8226e-01
5.7437e-01 2.8865e-01 1.5459e-01
4.6992e-01 4.4509e-01 3.7682e-01
4.9560e-01 9.4512e-02 4.4879e-01
5.0118e-01 4.6080e-01 2.5118e-01
1.4426e-01 2.0584e-01 3.5851e-01
8.5529e-01 1.0250e-01 5.0385e-01
4.6303e-01 7.0606e-01 4.8941e-01
4.6167e-01 4.4642e-01 5.4696e-01
3.8803e-01 1.3047e-01 4.9950e-01
2.8035e-01 6.2193e-01 4.3537e-01
9.5404e-01 1.2779e-01 2.4733e-01
4.6729e-01 1.1167e-01 2.3728e-01
6.1490e-01 2.7726e-01 2.7380e-01
7.0683e-01 8.0825e-02 4.4576e-01
9.7587e-02 5.1503e-01 3.9024e-01
7.5474e-02 5.3654e-01 4.2263e-01
1.2336e-01 4.6922e-01 3.0246e-01
1.1544e-02 6.7254e-01 4.7287e-01
2.0871e-01 6.1949e-01 1.7626e-01
7.3876e-01 2.5317e-01 2.9224e-01
1.4085e-01 4.0916e-01 4.1454e-01
2.5788e-01 6.1887e-01 2.4833e-01
3.8832e-01 4.0360e-01 4.6803e-01
3.0028e-01 6.9988e-02 3.0465e-01
2.3437e-02 8.3889e-01 2.8095e-01
5.9361e-01 2.3016e-01 2.1094e-01
2.2386e-01 5.3348e-01 2.6264e-01
1.2753e-01 4.5481e-02 5.1181e-01
7.6051e-01 3.3617e-01 3.4005e-01
9.0660e-01 2.5726e-01 2.8525e-01
8.4847e-01 3.3861e-02 3.2440e-01
3.1198e-01 1.6023e-02 3.7564e-01
1.7648e-01 1.0786e-01 1.7195e-01
4.0161e-01 5.3057e-01 3.7572e-01
4.2267e-01 2.7181e-02 3.0774e-01
nan nan nan
3.0075e-01 4.5451e-01 8.8613e-02
9.3158e-01 3.1980e-01 2.4254e-01
2.3096e-01 2.3664e-01 5.5352e-01
1.9109e-01 7.0348e-01 3.5240e-01
8.6944e-03 1.8655e-01 4.0868e-01
2.6244e-01 1.5618e-01 3.3140e-01
7.8209e-02 4.7107e-01 3.4252e-01
4.6977e-01 1.3013e-01 4.4301e-01
6.8496e-01 1.6028e-01 3.4510e-01
6.7130e-01 1.6202e-01 1.6726e-01
7.2029e-01 5.4581e-01 3.4757e-01
3.4414e-01 4.5133e-01 3.5560e-01
6.4914e-01 3.0478e-01 3.5653e-01
7.8021e-01 5.4878e-02 4.3476e-01
3.5412e-01 1.9569e-01 3.9391e-01
7.9432e-02 2.9645e-01 5.4039e-01
4.7981e-01 5.8158e-01 5.1457e-01
3.1330e-01 2.7254e-01 1.4381e-01
5.0521e-01 3.7118e-01 1.3717e-01
6.2525e-02 4.4348e-01 3.1912e-01
6.9028e-01 3.1055e-01 2.4250e-01
5.2273e-01 8.8318e-02 5.2496e-01
8.7960e-01 3.6827e-01 2.8917e-01
7.0876e-02 3.9742e-01 2.6752e-01
6.5972e-03 4.2409e-01 4.0837e-01
2.7006e-01 1.6066e-01 2.1011e-01
4.3060e-01 1.7080e-01 3.8568e-01
4.3764e-01 4.5208e-01 2.4426e-01
2.0660e-02 2.5613e-01 5.9217e-01
6.4507e-01 2.5465e-01 5.4915e-01
1.2869e-01 8.8289e-01 2.1874e-01
2.7585e-01 8.1992e-01 2.5224e-01
1.3985e-01 1.3688e-01 1.6931e-01
5.8406e-02 1.3271e-01 4.0438e-01
8.9398e-01 1.9588e-02 2.6478e-01
2.5417e-01 5.6915e-03 2.1375e-01
1.7526e-01 6.3333e-01 1.4316e-01
2.8553e-01 4.7537e-01 3.9363e-01
5.3138e-03 7.9950e-01 3.7118e-01
3.5984e-01 5.2818e-01 4.2402e-01
2.1414e-01 4.1264e-01 2.9652e-01
1.7123e-01 5.0837e-01 1.8950e-01
5.7815e-02 1.9232e-01 2.0428e-01
8.6985e-01 2.6993e-01 3.7409e-01
5.7500e-01 4.7501e-01 3.6755e-01
5.2104e-01 3.7246e-01 2.4806e-01
4.7945e-01 2.6300e-01 3.9551e-01
4.7424e-01 3.4964e-01 3.9551e-01
1.3166e-01 1.6742e-01 4.2865e-01
7.6505e-01 2.2199e-02 2.5217e-01
4.3663e-01 6.0310e-01 5.6333e-01
5.4050e-01 4.3749e-01 3.4399e-01
5.0489e-01 2.6410e-03 2.8104e-01
2.5585e-02 9.0300e-01 2.8539e-01
9.3282e-01 5.9244e-02 4.0023e-01
4.9117e-01 1.8067e-01 2.7178e-01
5.4451e-01 3.0308e-01 2.3041e-01
nan nan nan
2.7537e-02 7.2137e-01 2.8587e-01
1.6659e-01 5.4744e-01 3.5528e-01
1.5382e-01 3.8436e-01 2.3724e-01
1.2284e-01 7.8407e-01 3.3505e-01
3.6595e-01 6.9768e-01 3.0634e-01
5.6120e-01 6.0035e-01 3.5476e-01
9.7497e-02 4.1990e-01 4.0590e-01
2.9875e-01 6.6943e-01 5.0512e-01
2.7259e-01 2.6261e-01 2.5921e-01
2.1687e-01 1.0239e-01 3.2097e-01
6.1017e-03 7.4342e-01 5.1406e-01
5.0974e-01 1.9545e-01 2.2166e-01
1.7723e-01 6.0513e-01 3.2938e-01
1.7472e-01 1.5660e-01 5.5528e-01
7.1448e-01 3.9701e-01 4.7897e-01
8.9364e-01 3.6292e-01 3.2581e-01
9.6921e-01 7.3561e-02 3.4130e-01
3.1041e-01 6.1217e-02 2.4540e-01
6.5425e-02 7.3223e-02 2.4282e-01
4.2787e-01 5.9904e-01 3.6204e-01
3.8735e-01 2.2411e-02 3.7071e-01
5.6262e-02 6.6608e-01 2.0128e-01
3.8785e-01 4.5408e-01 3.3679e-01
8.4786e-01 3.0805e-01 2.7264e-01
2.0747e-01 1.2082e-01 3.4799e-01
1.9960e-01 6.8185e-01 3.4966e-01
1.8477e-02 1.0005e-01 2.9877e-01
2.9405e-01 1.2384e-01 4.5195e-01
7.1907e-02 4.4273e-01 4.5464e-01
5.2260e-01 8.9769e-02 4.3119e-01
6.2728e-01 5.0756e-02 4.8400e-01
5.8539e-01 2.9633e-02 2.8138e-01
7.3854e-01 5.4410e-01 3.2438e-01
3.5280e-01 3.5669e-01 5.3183e-01
5.2377e-01 2.7434e-01 5.3208e-01
7.1195e-01 1.0589e-01 2.5962e-01
4.6923e-01 1.7864e-01 3.1312e-01
5.0768e-02 3.8763e-01 4.2097e-01
3.0251e-01 8.2228e-01 2.7872e-01
2.5465e-01 1.3752e-01 4.8911e-01
4.7531e-01 7.0038e-01 1.8488e-01
nan nan nan
8.7466e-01 2.5188e-01 3.0396e-01
7.4546e-01 2.4830e-01 2.7581e-01
7.6325e-01 7.0442e-01 3.6730e-01
8.4978e-02 1.4532e-01 4.3260e-01
1.2262e-01 5.4548e-01 6.0365e-01
4.5251e-01 1.9732e-01 3.6542e-01
3.8843e-01 1.3099e-01 3.1378e-01
6.8893e-01 4.6610e-01 4.3700e-01
4.3285e-02 4.4029e-01 4.6384e-01
6.0605e-01 2.1902e-01 5.0846e-01
1.4481e-01 7.6180e-01 4.3604e-01
1.7390e-01 8.1341e-01 2.0072e-01
1.3960e-01 1.6205e-01 4.1210e-01
4.5872e-02 8.1220e-02 2.0825e-01
8.9854e-01 8.4351e-03 4.2875e-01
1.9164e-01 2.5486e-01 4.3030e-01
2.6369e-01 4.7477e-01 4.5603e-01
4.2529e-01 3.8114e-01 3.7960e-01
9.6007e-02 8.1870e-01 2.0913e-01
3.3619e-01 5.4664e-01 4.3201e-01
2.9101e-01 5.2327e-01 4.6960e-01
2.9292e-01 7.6188e-01 3.8872e-01
8.2992e-02 1.9581e-01 2.3758e-01
7.4041e-01 9.1420e-02 3.5458e-01
4.8813e-01 4.6483e-01 3.3231e-01
6.3472e-01 5.4081e-01 4.7508e-01
5.3397e-01 1.8803e-01 5.1940e-01
4.1039e-01 2.8063e-01 2.0780e-01
1.5878e-01 1.5532e-01 5.3769e-01
5.4022e-01 3.4872e-02 3.6389e-01
5.9118e-01 5.8773e-01 3.3181e-01
5.7653e-01 6.1951e-01 6.0871e-01
3.3900e-01 1.0620e-01 3.6901e-01
nan nan nan
9.2161e-01 7.9615e-02 4.9451e-01
3.7734e-01 1.9045e-01 4.8373e-01
4.9315e-01 3.9087e-01 1.9474e-01
8.1956e-01 1.4099e-01 2.1183e-01
2.7282e-02 6.6124e-01 2.4619e-01
1.8900e-01 6.4946e-01 4.1146e-01
1.3761e-01 4.0490e-01 4.4416e-01
5.1951e-02 5.6692e-01 3.7708e-01
4.0541e-01 6.9242e-01 1.4864e-01
5.8790e-01 6.6123e-01 2.3874e-01
1.8357e-01 5.3614e-01 4.5250e-01
4.0212e-01 6.6925e-01 3.7749e-01
2.7114e-01 4.1881e-01 3.2280e-01
1.2135e-01 1.8821e-01 3.1194e-01
nan nan nan
4.7082e-01 1.5092e-01 5.2666e-01
2.2061e-01 5.4900e-01 4.0852e-01
1.9734e-01 1.3920e-02 3.2384e-01
6.2531e-01 4.3510e-01 2.7667e-01
7.6720e-01 4.3856e-01 5.3516e-01
7.7834e-01 1.0306e-01 2.8329e-01
2.8446e-01 5.3176e-02 4.5594e-01
8.6929e-03 5.0184e-02 4.8150e-01
4.9222e-01 6.5741e-01 4.4229e-01
4.0017e-01 1.1313e-02 4.5761e-01
4.4697e-02 6.6751e-01 4.4027e-01
3.8082e-01 4.7463e-01 3.8707e-01
5.6220e-01 3.0541e-01 1.1038e-01
2.4248e-01 3.8919e-01 2.6624e-01
2.2348e-01 7.4438e-01 2.1045e-01
7.5265e-02 2.1388e-01 4.5990e-01
3.5278e-01 2.6979e-01 3.9495e-01
1.6488e-01 4.8771e-01 4.2276e-01
4.6090e-01 6.6537e-02 3.1966e-01
6.7794e-01 1.3485e-03 2.5628e-01
5.9468e-01 1.5873e-01 4.1301e-01
8.7044e-01 4.8046e-01 3.7605e-01
4.7592e-01 2.2201e-01 2.5089e-01
6.4070e-01 5.0193e-01 3.4583e-01
8.1361e-01 4.3459e-02 3.6072e-01
3.8552e-01 1.2536e-01 5.5012e-01
7.3114e-02 4.5362e-01 1.4680e-01
nan nan nan
2.5113e-01 2.4150e-01 3.4559e-01
3.6568e-01 4.1987e-01 4.5563e-01
1.7312e-01 7.7806e-01 2.5849e-01
8.8118e-01 1.7667e-01 2.7530e-01
7.7103e-01 3.5818e-01 5.0585e-01
3.2852e-01 3.8203e-01 3.8468e-01
1.0034e-01 5.2167e-02 4.6710e-01
7.0301e-02 5.8142e-01 4.0130e-01
3.6165e-01 2.7267e-01 2.2865e-01
4.5444e-01 7.9630e-02 1.8445e-01
7.5287e-01 2.7945e-01 6.0081e-01
8.9272e-02 4.8377e-01 2.6223e-01
6.3262e-01 1.0945e-01 4.5138e-01
3.1784e-01 1.0049e+00 2.5213e-01
2.2567e-01 6.3500e-01 2.4301e-01
9.6471e-02 2.7378e-01 4.5976e-01
9.6263e-02 1.4298e-01 5.0334e-01
9.3913e-01 4.1499e-03 4.3922e-01
1.6858e-01 1.9014e-01 5.5386e-01
1.4035e-01 6.4525e-01 3.2708e-01
5.3839e-01 5.1377e-01 3.5858e-01
1.2868e-01 7.0141e-01 4.9867e-01
4.2184e-01 3.2538e-01 1.3704e-01
2.1270e-01 3.1138e-01 3.3965e-01
4.3355e-01 8.1125e-01 5.0516e-01
7.3996e-02 7.0040e-02 1.7317e-01
7.5347e-01 2.8722e-01 3.8508e-01
1.8873e-01 6.3253e-01 1.8623e-01
6.5035e-01 5.6710e-01 3.3237e-01
5.8565e-01 1.0674e-01 4.5692e-01
4.5684e-01 4.8348e-01 2.7066e-01
1.6107e-01 1.4165e-01 3.7358e-01
5.7829e-01 1.2313e-01 2.5211e-01
6.0213e-01 5.1910e-01 2.2266e-01
5.1730e-01 4.4759e-01 4.2915e-01
4.8086e-01 8.3512e-02 3.1010e-01
4.0956e-01 5.7685e-01 2.8890e-01
8.9203e-01 9.2965e-02 4.6753e-01
4.1337e-01 1.5868e-01 4.4647e-01
5.3577e-01 4.2767e-01 2.6816e-01
nan nan nan
2.0019e-02 6.7770e-01 2.5112e-01
2.9682e-01 7.2607e-01 3.0237e-01
2.7767e-01 4.5114e-01 4.0054e-01
4.8402e-02 5.7537e-01 4.4623e-01
3.7090e-01 4.2083e-01 1.4756e-01
5.4902e-01 7.2865e-01 3.8318e-01
1.3298e-01 4.2948e-01 1.1480e-01
4.1758e-01 4.8531e-01 3.8168e-01
3.5890e-01 2.0184e-01 5.4538e-01
3.8454e-01 2.2480e-01 1.7369e-01
9.9183e-02 4.3742e-01 1.4006e-01
3.8651e-01 3.4648e-01 4.6223e-01
1.7020e-01 6.3059e-01 4.4078e-01
2.5844e-01 6.5464e-02 1.8617e-01
6.4299e-01 3.1410e-01 2.1748e-01
6.4126e-01 5.9818e-01 3.1784e-01
9.6653e-01 2.4264e-01 2.9692e-01
3.7173e-01 1.2579e-01 3.9433e-01
3.6401e-02 6.4377e-02 2.3893e-01
3.4768e-01 6.7438e-01 2.6848e-01
3.4928e-01 1.1111e-01 2.5640e-01
5.3532e-02 6.2439e-01 3.3168e-01
4.1532e-01 5.6881e-01 4.5809e-01
7.5531e-01 4.4558e-01 2.7489e-01
2.5528e-01 2.4825e-01 2.1117e-01
2.2440e-01 7.9648e-01 2.9074e-01
4.8148e-02 3.1892e-01 3.7285e-01
2.6694e-01 9.8078e-02 5.6594e-01
2.2659e-01 4.7657e-01 3.5391e-01
4.9014e-01 1.9659e-01 3.9790e-01
6.8560e-01 3.2528e-02 2.9250e-01
6.9944e-01 3.3696e-01 5.5268e-01
8.9805e-01 3.0750e-01 3.3033e-01
4.9094e-01 1.8661e-01 1.7714e-01
7.1842e-01 5.2567e-01 2.0461e-01
7.9570e-01 1.9227e-01 4.3823e-01
4.0544e-01 1.6704e-01 5.6164e-01
1.8727e-02 3.8684e-01 4.6461e-01
6.1113e-01 5.2093e-01 5.2283e-01
1.8727e-01 1.9978e-01 5.2067e-01
3.8993e-01 3.1756e-01 2.8442e-01
7.8785e-02 7.8250e-01 4.0687e-01
9.3358e-01 1.3418e-01 4.2492e-01
8.5206e-01 1.7981e-01 3.7619e-01
7.5216e-01 4.8986e-01 2.3489e-01
1.1904e-01 3.5280e-02 2.3613e-01
7.2095e-02 6.7695e-01 4.4742e-01
3.3680e-01 2.9613e-01 3.4494e-01
3.9315e-01 2.9452e-01 3.3742e-01
8.4027e-01 2.7440e-01 2.8098e-01
1.6523e-01 4.3233e-01 3.7562e-01
6.9279e-01 5.0331e-02 6.0629e-01
nan nan nan
2.1253e-01 7.8167e-01 2.8047e-01
8.4922e-03 6.1566e-02 2.7503e-01
1.5796e-01 1.2734e-01 4.2476e-01
8.0679e-01 1.2867e-01 1.5588e-01
1.9504e-01 3.2486e-01 3.2555e-01
4.3968e-02 4.4971e-01 3.2304e-01
6.5777e-01 3.4580e-01 2.6841e-01
8.9184e-02 7.3295e-01 5.5992e-01
3.1859e-01 2.3268e-01 4.2697e-01
2.1570e-01 4.2575e-01 4.0847e-01
3.2203e-01 7.5875e-01 2.8563e-01
7.1791e-02 7.4525e-02 3.4709e-01
6.4969e-01 2.1857e-01 3.3279e-01
2.4839e-01 5.5854e-01 2.0776e-01
7.0667e-01 4.0079e-01 1.0646e-01
4.7083e-01 1.0924e-01 2.1611e-01
4.6764e-01 4.6281e-01 3.6557e-01
9.8223e-02 1.7454e-01 1.2935e-01
5.6178e-01 5.4985e-02 4.1728e-01
nan nan nan
4.0056e-01 5.1942e-01 3.4651e-01
3.8107e-01 5.3802e-02 4.9148e-01
4.5846e-01 4.5555e-01 3.9170e-01
8.5288e-01 2.3348e-02 4.0126e-01
3.8687e-01 1.2556e-01 3.0702e-01
5.1459e-01 4.9384e-01 1.6132e-01
6.1481e-01 2.4037e-02 4.9077e-01
7.3103e-02 4.7005e-01 2.9279e-01
2.8796e-01 8.7706e-01 3.7149e-01
2.6643e-01 5.1633e-01 4.8478e-01
4.8392e-02 5.7296e-01 4.4665e-01
3.8210e-01 3.6823e-01 4.9703e-01
4.9007e-01 5.8163e-01 3.9629e-01
1.2731e-01 3.9385e-01 4.4929e-01
4.1504e-01 5.2834e-01 2.8265e-01
4.8016e-01 2.9524e-01 3.5275e-01
2.4059e-01 3.2764e-01 2.1109e-01
9.9345e-02 2.8562e-01 2.5249e-01
4.4800e-01 2.5227e-01 5.1171e-01
2.3111e-01 5.7204e-01 4.4512e-01
2.9325e-01 1.3320e-02 4.0340e-01
6.6761e-01 1.7338e-01 4.2579e-01
7.0487e-01 6.4642e-01 2.4418e-01
9.2794e-01 1.0942e-01 4.1759e-01
3.3661e-01 8.8990e-02 4.4780e-01
1.7129e-03 1.4594e-02 6.0910e-01
3.0250e-01 6.2803e-01 3.0918e-01
4.0256e-01 1.1767e-01 1.0364e-01
1.5819e-01 8.3594e-01 1.6866e-01
1.3655e-01 8.5332e-01 2.0592e-01
9.3794e-01 2.9006e-01 4.5155e-01
1.1659e-01 4.0381e-01 2.5195e-01
2.9135e-01 8.4791e-01 2.2465e-01
8.6896e-02 2.7148e-01 3.5514e-01
2.8126e-01 4.8763e-02 2.6131e-01
1.0836e-01 3.9013e-01 1.9187e-01
4.4129e-01 2.1958e-01 3.7746e-01
6.1231e-01 1.4283e-02 1.6059e-01
6.9318e-01 3.9638e-02 3.0370e-01
9.0808e-01 2.9217e-01 4.0703e-01
5.5905e-01 2.3977e-01 3.3029e-01
6.4162e-01 4.8243e-01 3.6765e-01
8.8144e-01 8.2351e-02 3.6718e-01
4.7142e-01 2.4541e-01 3.7351e-01
1.9620e-01 4.6702e-01 4.2797e-01
5.2955e-01 2.5978e-01 3.2196e-01
2.7752e-01 2.0273e-01 3.2847e-01
3.6275e-01 2.3979e-01 2.5458e-01
1.8463e-01 8.9608e-01 2.3306e-01
9.3371e-01 1.2656e-01 5.7393e-01
8.4226e-01 2.4209e-01 1.1124e-01
6.3478e-01 3.3682e-01 1.8178e-01
1.1264e-01 1.6671e-02 4.0886e-01
2.5355e-01 7.7067e-01 2.6406e-01
4.5727e-01 6.8128e-02 2.9496e-01
4.2160e-01 1.9889e-01 4.3256e-01
7.2255e-01 1.9275e-01 2.1658e-01
1.9621e-01 3.6227e-01 4.5033e-01
7.4178e-01 1.1664e-02 5.6642e-01
4.6935e-01 6.0370e-01 2.8641e-01
3.0037e-01 5.8017e-01 2.8821e-01
1.7605e-01 1.4707e-01 2.7459e-01
2.0933e-01 1.3509e-01 4.5349e-01
8.8873e-01 1.6030e-01 2.9690e-01
2.1586e-01 4.2432e-01 5.3569e-01
1.7368e-02 3.1910e-01 5.9416e-01
5.3026e-01 9.3335e-02 3.5555e-01
5.4589e-02 5.1471e-01 4.5935e-01
3.7789e-01 2.4510e-01 5.6340e-01
3.4726e-01 2.5186e-01 4.0340e-01
3.9359e-01 7.3170e-01 3.7299e-01
1.0363e-01 2.5518e-01 5.2257e-01
7.9267e-01 1.3257e-01 5.2322e-01
2.9825e-01 5.1787e-01 3.0773e-01
7.6685e-01 3.1753e-01 3.2311e-01
6.7260e-01 8.6133e-02 2.5447e-01
3.7552e-01 4.9651e-01 3.8002e-01
2.1357e-01 1.2919e-02 4.3444e-01
5.1328e-01 2.4248e-02 4.0227e-01
5.6783e-01 7.1176e-01 3.2196e-01
3.7144e-01 4.2512e-01 4.3980e-01
3.4957e-01 2.7652e-01 2.2683e-01
5.0353e-01 4.1091e-01 1.9208e-01
7.6429e-01 3.4601e-02 4.5433e-01
5.1487e-01 2.1160e-01 5.1075e-01
6.0754e-01 5.7301e-01 3.5485e-01
5.5271e-01 1.0108e-01 2.8010e-01
2.0886e-01 3.3928e-01 4.5315e-01
3.2679e-01 7.8267e-01 3.7706e-01
3.1003e-01 3.1419e-01 3.3647e-01
4.4303e-02 7.1688e-01 4.4179e-01
4.9692e-01 4.7333e-01 2.0271e-01
3.6401e-01 6.6884e-01 1.0012e-01
7.9868e-02 4.6436e-01 2.5558e-01
2.7463e-01 3.6718e-01 3.1578e-01
6.3180e-01 3.5700e-01 1.6682e-01
2.7687e-01 2.7087e-01 1.8938e-01
1.5530e-01 2.6200e-01 4.2651e-01
3.8763e-01 3.3026e-01 2.8181e-01
1.3753e-01 5.4001e-01 2.4742e-01
2.5505e-01 3.4999e-02 4.0192e-01
7.8917e-01 2.8324e-01 1.9079e-01
7.5953e-01 7.4980e-01 4.5431e-01
8.6159e-01 2.2927e-01 3.8790e-01
3.4522e-01 3.7237e-02 4.6576e-01
2.8957e-02 4.0393e-02 2.1222e-01
3.5601e-01 4.8489e-01 1.5982e-01
1.2714e-01 2.3427e-01 2.5910e-01
5.9763e-03 6.2732e-01 3.2394e-01
2.7344e-01 6.9336e-01 4.5579e-01
9.1821e-01 1.7244e-01 2.8781e-01
5.2568e-01 5.0317e-01 4.2800e-01
2.8516e-01 7.8800e-01 1.6263e-01
3.4010e-02 3.2281e-01 1.8665e-01
2.0685e-01 2.7638e-02 5.0172e-01
1.9792e-01 4.8223e-01 2.6122e-01
5.3639e-01 2.6823e-01 5.5641e-01
5.6983e-01 1.5480e-01 2.6958e-01
5.4866e-01 1.1148e-02 4.0005e-01
4.1061e-01 3.0994e-01 3.6495e-01
5.3768e-01 2.8019e-01 3.5289e-01
5.4930e-01 4.8826e-01 4.7254e-01
8.2414e-01 4.9002e-03 5.0066e-01
5.1611e-01 2.7932e-01 1.4462e-01
1.7446e-01 3.1868e-01 2.1599e-01
4.7959e-01 3.0103e-01 1.5539e-01
2.5474e-01 3.5707e-01 2.6541e-01
4.4817e-01 1.5182e-01 3.0356e-01
7.1265e-02 7.3804e-01 3.2179e-01
3.3670e-01 1.5260e-01 3.5818e-01
nan nan nan
6.4258e-01 3.8766e-01 3.9085e-01
2.6837e-01 1.4220e-01 6.1586e-01
1.9866e-01 6.9704e-01 1.2882e-01
3.9079e-01 2.1855e-01 1.9399e-01
3.6615e-01 2.2025e-01 2.6630e-01
7.8295e-01 3.1362e-01 2.9092e-01
2.0188e-01 3.6765e-01 4.5014e-01
7.1655e-01 1.1831e-01 3.0100e-01
4.8490e-01 5.7234e-01 3.6707e-01
3.3977e-01 6.9438e-01 2.4716e-01
1.5347e-01 1.6132e-01 2.5489e-01
1.7610e-01 5.7101e-03 3.8602e-01
7.4624e-01 1.5624e-02 2.2571e-01
2.5977e-01 2.7877e-01 4.2456e-01
4.4352e-02 4.4264e-01 3.4000e-01
4.2541e-01 1.9870e-01 1.9367e-01
3.1672e-01 7.3727e-01 9.8859e-02
3.5816e-01 2.6810e-01 4.6301e-01
4.3822e-01 2.0359e-01 4.2081e-01
nan nan nan
4.2329e-02 2.1688e-01 4.1220e-01
7.1785e-01 5.4877e-02 3.7819e-01
3.0829e-01 4.7075e-01 3.6538e-01
8.0878e-01 3.7638e-01 5.3526e-01
6.2544e-01 1.2915e-01 5.4794e-01
6.3990e-01 3.8491e-01 4.5139e-01
1.3313e-01 7.0877e-02 5.7931e-01
6.0072e-01 8.1917e-02 3.8975e-01
5.2323e-01 7.8342e-01 5.1632e-01
5.0058e-01 4.4207e-01 2.8052e-01
3.2808e-01 1.0500e-01 4.1468e-01
5.1408e-01 4.6166e-01 3.0644e-01
6.8813e-01 9.8907e-02 3.6846e-01
5.6960e-01 1.6081e-01 6.0069e-01
5.2089e-01 7.8250e-01 3.9963e-01
5.1569e-01 8.9763e-02 4.5685e-01
2.3833e-01 3.0469e-01 4.6603e-01
2.0359e-01 8.9702e-01 2.8188e-01
2.8014e-01 3.0465e-01 3.5415e-01
6.3895e-02 7.8384e-01 2.4358e-01
5.8923e-01 4.9808e-01 3.5035e-01
3.7070e-01 6.6471e-01 3.6524e-01
9.8226e-02 5.4292e-01 5.1696e-01
1.5327e-01 3.7569e-01 2.8461e-01
6.3381e-01 3.4950e-01 2.1629e-01
2.3101e-01 2.6252e-01 2.8557e-01
5.1723e-02 2.7505e-01 2.6241e-01
3.7573e-01 4.1447e-01 4.2884e-01
7.0154e-02 6.3220e-01 3.0323e-01
1.5633e-01 9.6014e-02 4.4817e-01
7.3440e-01 5.2599e-01 3.6957e-01
4.3985e-01 8.9294e-01 3.9998e-01
8.4283e-01 1.2526e-01 3.8586e-01
4.1668e-01 2.1262e-02 5.5581e-01
6.1163e-02 2.5826e-02 4.0069e-01
4.2129e-01 4.7784e-01 5.1912e-01
1.1366e-01 2.3796e-01 4.8412e-01
5.3756e-03 7.9067e-01 2.5339e-01
3.3706e-01 8.6459e-01 5.6490e-01
8.2474e-01 2.3433e-02 3.1316e-01
3.6293e-01 5.7645e-01 4.8705e-01
2.1840e-01 8.5835e-01 4.5163e-01
4.7274e-02 9.1002e-02 4.2103e-01
6.4317e-02 1.6290e-01 4.4002e-01
5.8391e-02 5.8509e-01 4.3214e-01
4.4245e-01 3.3528e-01 2.1314e-01
5.8830e-01 1.8893e-02 2.4995e-01
4.6022e-01 1.8014e-02 2.2180e-01
4.0443e-02 3.3581e-01 3.3750e-01
6.8697e-01 1.2469e-01 6.4808e-01
5.9400e-01 6.0280e-01 6.0949e-01
9.8995e-01 7.8183e-02 4.5872e-01
8.7490e-01 4.6289e-01 2.5057e-01
1.3415e-01 3.4205e-01 4.4460e-01
5.2902e-01 3.1225e-01 3.6626e-01
2.8482e-01 1.9333e-01 4.8452e-01
4.5881e-01 8.4569e-02 5.3680e-01
9.7322e-02 6.1874e-01 3.6554e-01
9.6176e-01 2.1485e-01 4.2154e-01
8.8327e-01 2.5017e-01 4.8186e-01
6.0450e-01 3.7075e-01 4.1954e-01
1.9310e-01 3.4156e-02 2.7377e-01
3.4171e-01 5.2529e-01 1.8865e-01
4.9323e-01 2.0904e-01 1.8040e-01
4.3643e-01 1.9767e-01 4.2775e-01
6.3515e-01 1.0996e-01 3.4019e-01
1.8089e-01 2.5001e-01 3.0861e-01
7.2940e-01 6.0033e-02 2.6135e-01
4.1823e-01 6.0419e-01 4.1441e-01
4.3723e-01 7.0611e-01 3.0397e-01
5.4325e-02 2.8175e-02 4.7272e-01
1.8414e-01 1.0315e-01 4.2296e-01
8.5063e-01 6.2126e-02 1.7289e-01
2.2257e-01 1.9612e-01 4.8853e-01
2.4006e-02 3.4978e-01 3.3584e-01
5.0015e-01 3.0838e-01 2.9859e-01
2.5478e-01 4.8847e-01 2.4888e-01
3.8179e-01 2.1564e-01 3.1067e-01
3.6306e-01 6.7999e-02 2.6928e-01
5.4884e-01 9.8625e-01 3.8569e-01
1.5794e-01 2.2443e-01 3.2141e-01
7.0077e-01 1.3976e-02 2.9311e-01
2.8055e-01 3.7744e-01 2.4596e-01
8.2977e-01 2.9849e-01 5.5497e-01
6.7333e-01 2.6292e-02 4.1232e-01
nan nan nan
3.8983e-01 7.5043e-02 4.2130e-01
6.0802e-01 1.2748e-01 4.2329e-01
4.9168e-01 6.8144e-01 2.1651e-01
4.3785e-01 3.9528e-01 4.4446e-01
3.9344e-01 2.0481e-01 5.0738e-01
6.6015e-01 4.4794e-01 4.5422e-01
7.6037e-01 4.2632e-01 4.0963e-01
5.3306e-01 1.9727e-01 2.6620e-01
6.5125e-01 4.7004e-01 3.9963e-01
5.0754e-01 5.1817e-02 2.4407e-01
1.9510e-01 2.2004e-01 2.3631e-01
3.3119e-01 7.8237e-01 2.2469e-01
1.7581e-01 3.0901e-01 4.9069e-01
2.0991e-01 5.0693e-01 2.3193e-01
4.0613e-01 3.0678e-01 3.6189e-01
3.5704e-01 5.9206e-01 2.4943e-01
1.5034e-01 4.8283e-01 2.6249e-01
1.0194e-01 4.2180e-01 1.7014e-01
6.5948e-01 1.2960e-01 3.5848e-01
3.6275e-01 7.6036e-02 5.5661e-01
4.5903e-02 5.2123e-01 3.6308e-01
4.5674e-01 4.5318e-01 3.3006e-01
8.3962e-02 5.7824e-01 2.7515e-01
1.7219e-01 3.4866e-02 4.9018e-01
8.3465e-01 5.1282e-01 2.4373e-01
nan nan nan
2.1833e-01 2.0501e-01 4.7195e-01
4.0463e-01 9.3040e-02 5.2526e-01
1.0424e-01 2.0971e-02 3.2693e-01
2.6008e-01 5.0854e-01 2.0406e-01
1.2330e-01 3.1837e-01 4.1656e-01
7.7728e-02 5.1926e-01 5.6090e-01
2.3822e-01 5.4849e-01 3.8323e-01
8.3780e-01 1.1817e-01 2.7428e-01
4.6669e-01 3.7090e-01 2.8458e-01
3.0195e-01 7.2573e-01 5.0275e-01
7.0709e-02 3.6508e-02 3.3033e-01
1.0288e-01 4.7393e-02 3.1924e-01
7.4559e-02 4.6803e-01 3.2229e-01
4.8605e-01 1.5886e-01 1.6862e-01
6.3097e-01 5.0472e-02 3.5609e-01
4.8809e-01 7.5177e-02 1.7360e-01
9.8733e-01 3.4279e-01 6.4229e-01
6.8433e-01 1.2334e-01 2.5401e-01
5.3438e-01 4.8735e-01 1.9746e-01
9.4931e-01 1.3364e-01 4.2334e-01
7.4658e-01 4.0643e-01 3.0426e-01
2.1725e-01 3.7352e-01 3.3931e-01
4.3940e-01 1.7774e-01 3.5080e-01
1.7976e-01 1.5320e-01 4.0230e-01
5.2302e-01 2.8592e-02 4.4066e-01
8.9632e-02 7.0930e-01 4.3427e-01
5.5993e-01 1.7215e-01 3.8330e-01
8.8285e-01 2.2920e-01 1.7730e-01
6.5486e-01 4.1155e-01 4.7430e-01
3.1692e-01 1.1391e-01 2.1772e-01
3.5200e-01 6.3772e-01 4.2279e-01
5.1068e-01 3.9530e-01 5.0015e-01
2.2396e-01 3.4863e-01 3.9283e-01
8.2460e-01 3.0983e-01 1.6351e-01
8.7775e-02 2.0104e-01 4.0413e-01
6.8879e-01 1.0690e-01 2.6183e-01
3.5987e-01 7.5582e-01 3.8819e-01
2.8449e-01 6.3426e-01 2.8835e-01
8.6311e-02 2.0747e-02 3.3291e-01
1.7641e-01 1.1008e-01 3.1574e-01
8.3249e-01 1.9614e-01 5.2882e-01
1.0896e-01 2.4809e-01 3.6875e-01
1.3435e-01 2.5604e-01 4.3209e-01
4.3169e-01 5.2474e-01 3.1690e-01
1.2894e-01 4.7605e-01 2.4348e-01
2.5960e-01 1.6129e-01 2.1801e-01
3.8864e-01 1.9372e-01 2.2226e-01
4.0335e-01 7.4570e-01 3.8172e-01
2.6145e-01 2.2215e-01 1.1953e-01
7.9657e-01 4.9718e-02 4.5694e-01
2.8581e-01 4.5374e-01 1.9110e-01
8.7715e-01 3.8587e-01 3.6085e-01
6.9104e-01 9.2781e-02 4.3913e-01
6.6254e-01 2.2064e-01 4.1364e-01
3.8976e-01 5.7694e-02 3.6401e-01
5.9460e-01 1.0091e-01 3.9354e-01
5.4381e-01 6.0561e-01 4.6404e-01
5.8116e-01 4.0752e-01 3.9032e-01
3.8509e-01 3.8382e-01 2.5014e-01
6.4602e-01 3.5950e-01 4.1929e-01
7.9094e-01 2.3542e-01 3.5823e-01
5.1136e-01 2.2735e-01 2.3148e-01
6.7134e-01 2.8771e-01 1.2863e-01
4.8071e-01 1.8857e-02 3.6111e-01
7.2981e-02 3.9212e-01 3.3029e-01
3.0468e-01 1.0248e+00 2.8657e-01
4.0183e-02 2.1863e-01 4.2852e-01
1.8995e-01 6.6603e-01 5.8844e-01
4.8576e-01 4.3860e-01 2.6659e-01
3.3119e-01 5.7353e-01 5.2621e-01
1.2707e-01 3.9430e-01 3.4751e-01
2.5208e-01 4.2589e-01 2.1080e-01
8.7064e-01 1.1450e-01 3.6921e-01
2.7418e-01 5.2639e-02 5.2389e-01
1.7817e-01 5.0374e-01 4.8866e-01
5.1098e-01 4.3279e-01 3.5333e-01
9.7466e-02 5.7500e-01 1.7413e-01
2.7236e-01 1.1398e-01 3.3248e-01
9.3490e-01 5.6437e-01 3.5884e-01
nan nan nan
1.9649e-02 6.4976e-02 3.6281e-01
3.4564e-01 1.0086e-01 3.9776e-01
2.6900e-02 9.3751e-02 4.0197e-01
2.6674e-01 6.5496e-01 3.9394e-01
8.9401e-02 3.7678e-01 3.4201e-01
9.2385e-02 3.6621e-01 5.4175e-01
1.8830e-01 5.4983e-01 4.9393e-01
7.8327e-01 1.4551e-01 1.8530e-01
4.7132e-01 3.8454e-01 2.3113e-01
3.7914e-01 7.5377e-01 3.7593e-01
3.2403e-02 5.1098e-02 2.6817e-01
2.9319e-01 2.5481e-01 1.2218e-01
1.7276e-02 4.6965e-01 5.5068e-01
5.4298e-01 4.0669e-01 3.6222e-01
6.4619e-01 7.7552e-03 2.4156e-01
4.2212e-01 1.7512e-02 4.4833e-01
3.7381e-01 3.8615e-01 4.5586e-01
8.4325e-01 1.6678e-01 4.0118e-01
6.0528e-01 2.1811e-01 4.6445e-01
5.4268e-01 7.8435e-03 4.5240e-01
7.1542e-01 3.7774e-01 4.2815e-01
3.2522e-01 4.0302e-01 3.2397e-01
5.1658e-01 3.2259e-01 3.5591e-01
2.7050e-01 2.4035e-01 3.4831e-01
5.0420e-01 5.5180e-03 4.6335e-01
9.2123e-02 7.1153e-01 6.0276e-01
9.2361e-01 9.5369e-02 5.0725e-01
9.5800e-01 2.2356e-01 3.8034e-01
nan nan nan
1.3394e-01 1.1246e-01 4.5520e-01
2.3957e-01 7.3874e-01 3.8193e-01
6.1639e-01 4.6595e-01 3.9630e-01
2.1477e-01 3.2928e-01 3.1512e-01
1.8286e-01 2.8345e-02 2.4637e-01
1.5057e-01 9.1867e-02 3.8343e-01
5.8790e-01 7.6178e-02 3.5409e-01
3.4663e-01 8.1952e-01 4.9925e-01
2.7467e-01 4.9213e-01 3.3481e-01
8.4442e-02 5.3786e-02 2.0062e-01
2.4807e-01 6.0420e-02 2.1919e-01
7.7930e-01 1.3488e-01 2.5022e-01
9.5739e-02 3.4358e-01 4.6617e-01
1.9834e-01 3.8347e-01 5.6092e-01
6.3443e-01 3.5258e-01 2.9124e-01
2.6149e-01 4.9659e-01 3.2133e-01
3.1535e-01 2.4428e-01 1.7837e-01
3.3537e-01 6.3830e-02 3.6799e-01
5.4824e-01 6.0356e-01 3.4925e-01
4.0028e-01 3.3756e-01 4.0068e-01
7.3657e-01 2.8432e-01 5.0648e-01
3.6585e-01 4.0849e-01 2.6934e-01
8.2571e-01 2.7911e-01 4.2310e-01
7.0766e-01 2.0587e-01 4.7155e-01
4.7987e-01 9.7406e-02 4.3038e-01
2.8503e-01 1.2749e-01 4.4167e-01
6.3325e-01 7.5262e-02 5.4858e-01
2.9076e-01 7.8952e-01 6.6059e-01
6.9692e-01 3.3421e-01 3.9930e-01
5.6154e-01 3.8216e-01 2.4239e-01
5.8783e-01 5.7267e-01 5.8023e-01
8.5168e-01 3.0018e-01 3.6935e-01
4.4719e-01 3.4283e-01 2.1885e-01
8.7763e-01 3.0520e-01 2.6645e-01
4.5792e-01 1.5412e-01 5.5105e-01
4.2058e-02 4.7765e-01 3.8250e-01
4.3679e-01 1.0206e+00 2.5709e-01
6.9466e-02 9.3365e-02 3.1532e-01
1.6922e-01 7.6708e-01 6.1284e-01
4.8005e-01 4.4577e-01 1.9680e-01
3.8464e-01 5.1939e-01 4.1633e-01
1.4886e-01 4.6348e-01 3.5169e-01
1.0419e-01 3.9801e-01 3.5799e-01
7.3685e-01 7.3247e-02 1.0823e-01
1.8989e-01 1.9859e-02 2.7066e-01
1.7582e-01 5.6336e-01 4.6331e-01
5.5391e-01 7.0550e-01 5.3971e-01
1.3475e-01 6.4062e-01 3.6736e-01
1.8037e-01 1.7823e-01 3.9205e-01
8.8266e-01 5.2517e-01 2.6936e-01
1.4260e-01 8.1979e-01 4.4748e-01
8.6336e-01 2.0867e-01 5.1358e-01
4.0305e-01 8.9975e-02 1.9617e-01
5.4222e-02 1.2434e-02 5.1079e-01
3.7143e-01 7.0098e-01 2.7346e-01
2.4532e-02 2.4585e-01 2.3836e-01
1.2464e-01 5.0445e-01 2.7084e-01
3.2311e-01 4.2388e-01 4.4216e-01
9.2668e-01 1.3037e-01 2.2459e-01
4.9898e-01 3.5175e-01 4.0643e-01
1.8998e-01 7.0735e-01 3.8699e-01
5.3232e-02 4.5304e-02 6.6760e-01
1.5729e-01 1.3235e-01 2.4332e-01
8.8126e-02 5.7260e-01 4.0944e-01
4.7014e-01 3.9533e-01 5.6572e-01
5.8663e-01 8.9264e-02 3.1418e-01
5.1066e-01 1.4831e-01 3.0424e-01
9.5695e-01 4.9979e-01 5.4166e-01
6.5560e-01 1.4987e-01 2.9319e-01
4.9905e-01 6.5203e-02 4.6764e-01
8.8326e-01 1.5192e-01 2.4608e-01
6.8277e-01 4.4322e-01 3.1999e-01
2.9326e-01 3.5835e-01 2.0451e-01
4.1401e-01 2.0049e-01 5.2240e-01
2.7827e-01 2.0091e-01 2.8416e-01
4.9348e-01 3.8204e-02 4.1134e-01
2.7026e-01 6.4502e-01 5.0251e-01
8.9770e-01 1.8122e-02 3.7075e-01
8.6453e-01 1.1881e-01 4.2604e-01
5.8744e-01 2.3104e-01 5.4750e-01
1.0353e-01 7.0150e-02 6.3047e-01
4.1643e-01 5.9789e-01 4.4500e-01
7.8702e-01 2.9803e-01 4.3296e-01
1.9712e-01 2.6107e-01 3.2406e-01
9.3376e-01 4.4906e-02 1.1355e-01
3.2916e-01 7.1627e-02 5.9708e-01
6.6425e-01 1.4257e-01 4.5954e-01
2.3702e-01 9.4345e-01 6.0962e-01
2.2870e-01 4.7429e-01 2.5548e-01
2.3539e-02 8.5967e-02 3.9376e-01
2.3861e-01 1.3697e-02 4.7155e-01
7.1309e-01 3.3035e-01 3.1197e-01
1.2835e-01 3.8959e-01 6.2983e-01
8.2256e-02 4.7799e-01 2.0510e-01
6.6310e-01 9.4017e-02 5.9253e-01
1.9424e-01 4.6175e-01 6.9869e-01
1.8381e-01 3.3850e-01 4.5512e-01
3.0260e-01 6.4335e-02 3.4324e-01
4.8061e-01 3.9989e-01 2.2787e-01
4.2044e-01 2.7604e-01 3.4698e-01
5.8228e-01 1.0107e-01 5.0079e-01
2.9617e-01 1.7874e-01 1.7440e-01
1.6253e-01 2.1506e-01 4.2071e-01
6.3673e-01 1.1645e-01 5.0802e-01
5.3208e-01 1.0136e-02 3.8878e-01
3.2614e-01 1.0947e-01 4.5753e-01
7.3428e-01 1.0098e-01 5.6985e-01
2.1528e-01 5.6511e-01 7.4176e-01
7.4509e-01 5.2731e-01 4.5500e-01
4.2819e-01 4.2319e-01 4.8361e-01
5.5624e-01 4.5542e-01 6.4928e-01
9.3345e-01 2.8344e-01 3.8567e-01
3.1583e-01 1.1055e-01 2.7138e-01
9.8957e-01 2.1894e-01 5.2045e-01
5.3487e-01 1.1714e-03 4.8540e-01
7.6601e-02 3.2880e-01 4.1980e-01
1.7977e-01 6.9487e-01 6.0577e-01
6.5950e-02 1.2757e-01 3.1170e-01
1.9056e-01 6.5024e-01 1.7717e-01
5.6514e-01 3.2448e-01 5.5566e-01
5.2041e-01 6.4089e-01 3.2280e-01
2.1688e-01 4.3011e-01 2.7730e-01
1.6721e-01 3.0088e-01 5.1370e-01
7.3277e-01 9.3904e-03 6.3777e-01
2.5808e-01 7.2135e-02 4.5686e-01
1.3489e-01 5.1774e-01 3.2264e-01
4.0235e-01 8.4148e-01 5.9187e-01
1.1017e-01 3.8489e-01 3.8913e-01
1.8234e-01 2.1086e-01 1.6349e-01
8.6240e-01 2.2543e-01 4.3617e-01
5.6017e-02 6.2808e-01 2.8181e-01
8.5730e-01 2.6669e-01 4.0888e-01
4.4669e-01 6.1336e-02 3.5532e-01
1.1029e-01 1.2142e-01 5.4714e-01
2.4881e-01 4.0885e-01 3.6461e-01
1.6446e-02 2.0339e-01 4.0079e-01
3.2304e-02 3.8961e-01 3.4599e-01
4.0957e-01 1.6086e-01 1.3050e-01
8.3909e-01 2.0699e-02 2.8973e-01
5.6544e-01 2.4073e-01 4.1276e-01
1.2829e-01 7.4801e-01 5.2219e-01
1.7702e-01 9.0318e-02 4.3720e-01
1.3023e-01 2.4751e-01 5.3333e-01
4.4852e-03 5.4535e-01 2.8599e-01
5.9648e-01 3.5799e-01 2.3427e-01
7.0466e-01 6.7923e-03 5.6617e-01
4.4497e-01 1.8529e-02 4.2680e-01
1.7565e-01 3.4070e-01 5.6097e-01
6.6479e-01 2.7804e-01 2.6743e-01
7.2194e-01 2.1329e-01 5.4209e-01
3.3505e-01 5.2309e-02 2.9049e-01
5.5971e-01 3.6693e-01 4.2608e-01
3.5475e-01 3.1017e-01 4.5210e-01
4.3122e-01 3.6550e-01 1.9257e-01
2.5379e-01 2.2130e-01 4.4998e-01
4.6443e-01 1.0243e-01 8.6043e-02
2.9929e-01 7.4405e-01 3.5855e-01
8.4204e-01 7.5311e-02 3.2923e-01
2.4442e-01 8.6807e-02 2.2020e-01
1.0263e+00 3.2426e-01 4.0372e-01
1.3454e-01 3.1035e-02 3.1552e-01
4.5409e-01 7.6411e-01 3.3849e-01
7.6664e-01 2.9481e-01 3.9152e-01
3.1262e-01 3.6319e-01 2.8326e-01
8.2411e-01 1.8044e-01 2.1607e-01
3.1599e-01 2.5074e-01 1.7277e-01
7.0014e-01 1.6733e-01 4.3634e-01
nan nan nan
1.7617e-01 6.1974e-01 3.8962e-01
2.5742e-02 1.1325e-02 3.0086e-01
2.0339e-01 2.4441e-01 4.5744e-01
7.2186e-01 2.8431e-01 3.2936e-01
1.3317e-01 4.1949e-01 4.6747e-01
2.6502e-01 4.4286e-01 3.1984e-01
6.4021e-01 3.6093e-01 4.3340e-01
4.6505e-01 5.3334e-01 4.3720e-01
3.1030e-01 3.3670e-01 1.8404e-01
2.7744e-01 5.3062e-02 1.7663e-01
4.7707e-01 5.1393e-01 3.8917e-01
3.5728e-01 3.1043e-01 4.1151e-01
5.3194e-01 1.2659e-03 2.6099e-01
3.6680e-01 1.9645e-01 1.9233e-01
7.6065e-01 2.6628e-01 3.9878e-01
5.9440e-01 1.0092e-01 5.1433e-01
4.0018e-01 1.0109e-01 2.6270e-01
2.1107e-01 2.7708e-02 4.5531e-01
8.7292e-01 9.8716e-02 1.8862e-01
2.5634e-01 6.4797e-01 1.5708e-01
6.7745e-01 4.8132e-01 2.4644e-01
5.9123e-01 7.3281e-01 3.0932e-01
6.2232e-01 4.7053e-01 2.2020e-01
nan nan nan
4.6143e-01 2.8894e-01 1.6648e-01
8.8241e-01 4.3019e-01 2.1615e-01
4.2541e-01 1.6443e-01 4.8769e-01
1.0513e-01 3.3527e-01 4.2057e-01
4.0214e-01 9.8226e-01 2.8282e-01
1.9963e-01 3.0047e-01 3.3767e-01
9.4533e-02 9.0419e-01 2.7857e-01
5.3805e-01 3.6682e-01 4.2345e-01
4.4504e-01 4.7768e-01 2.2166e-01
2.9453e-01 3.1565e-01 4.0501e-01
2.8834e-01 4.4339e-01 1.2322e-01
6.0457e-01 1.1051e-01 1.6677e-01
3.4851e-01 1.2867e-01 1.8539e-01
8.5785e-02 6.5042e-01 2.1422e-01
3.4629e-01 6.8203e-01 2.1421e-01
1.5065e-01 4.5792e-01 3.7269e-01
2.2098e-01 5.1287e-01 2.8321e-01
7.9431e-01 3.3776e-01 4.3975e-01
7.1359e-02 6.2486e-01 4.3798e-01
7.0280e-01 6.3258e-02 3.5615e-01
5.8238e-01 8.7663e-02 2.5762e-01
1.3451e-01 5.4400e-02 2.9382e-01
3.8434e-01 4.9014e-01 2.5755e-01
3.5352e-02 1.6728e-01 3.1156e-01
4.3645e-02 5.0245e-01 2.8671e-01
5.0827e-01 3.2751e-01 5.3071e-01
9.5745e-01 4.6757e-02 4.4189e-01
5.4931e-01 1.4596e-01 4.2920e-01
nan nan nan
9.6701e-02 1.3361e-01 2.4511e-01
1.6728e-01 2.3708e-01 3.3019e-01
1.5959e-02 6.2589e-01 4.7423e-01
5.6814e-01 3.4268e-01 4.2472e-01
4.7574e-01 5.9216e-03 1.7458e-01
3.0912e-01 1.7308e-01 3.4384e-01
6.5600e-01 2.4252e-01 3.5600e-01
6.5329e-01 2.5197e-01 2.5727e-01
7.9801e-01 2.2618e-01 3.5031e-01
5.9795e-01 1.9819e-01 2.9346e-01
4.8723e-01 5.3982e-01 4.4187e-01
2.9490e-01 2.5795e-01 2.3826e-01
3.9955e-01 2.5670e-01 2.6945e-01
2.7942e-01 2.3957e-01 5.0992e-01
5.1122e-01 1.1897e-01 3.3186e-01
2.3579e-01 6.0303e-01 1.5835e-01
8.6747e-01 1.2113e-01 2.0100e-01
7.0494e-01 1.9729e-01 3.3633e-01
9.0258e-01 1.0024e-01 4.9203e-01
2.0464e-01 4.5759e-02 2.9117e-01
2.9993e-01 7.1359e-01 3.7263e-01
8.1245e-01 1.9372e-01 3.0404e-01
3.2740e-01 4.8236e-01 2.8955e-01
7.4586e-01 1.5030e-01 4.1503e-01
3.9498e-01 2.3466e-01 4.5173e-01
7.4003e-01 2.5848e-01 3.7363e-01
nan nan nan
3.4249e-02 6.5901e-01 2.2031e-01
1.8780e-02 3.9006e-02 5.1053e-01
9.6411e-02 3.0628e-01 3.1721e-01
6.0837e-01 4.0817e-01 2.7044e-01
1.6855e-01 4.1733e-01 2.9956e-01
2.8587e-01 5.2809e-01 2.7339e-01
6.8849e-01 2.4325e-01 2.0140e-01
4.9832e-01 5.9371e-01 3.8216e-01
2.6691e-01 3.2777e-01 3.4062e-01
4.3192e-01 8.0405e-02 2.1188e-01
3.2108e-01 7.1503e-01 2.9598e-01
4.4457e-01 2.8957e-01 4.4616e-01
6.1462e-01 8.6319e-03 4.7286e-01
4.4750e-01 1.1964e-01 3.5174e-01
7.7696e-01 2.6474e-01 3.8991e-01
6.8817e-01 7.9512e-02 5.3176e-01
3.2297e-01 8.1999e-02 1.6717e-01
2.9726e-01 5.3882e-02 3.3227e-01
7.5600e-01 1.2437e-01 3.3670e-01
2.6572e-01 6.7137e-01 2.1299e-01
4.9839e-01 4.1455e-01 5.4827e-01
5.3020e-01 6.5385e-01 4.7383e-01
7.8413e-01 3.2053e-01 2.9246e-01
1.0093e+00 1.5999e-01 2.7470e-01
3.7960e-01 2.6819e-01 1.3579e-01
2.1704e-01 3.3584e-01 2.5566e-01
4.3500e-01 1.8011e-01 5.6218e-01
3.8626e-02 2.3190e-01 3.2594e-01
3.7352e-01 8.5781e-01 2.0928e-01
2.1863e-01 3.3187e-01 4.8583e-01
9.1274e-02 7.0001e-01 1.7528e-01
6.1503e-01 1.8895e-01 3.1863e-01
4.5168e-01 4.5813e-01 2.6534e-01
3.4273e-01 3.7364e-01 2.6020e-01
2.8009e-01 6.4457e-01 3.9813e-01
5.2594e-01 6.0137e-02 4.3978e-01
4.5463e-01 1.2680e-01 5.0784e-01
1.8910e-01 6.7049e-01 2.9949e-01
1.3668e-01 5.0338e-01 2.5276e-01
2.3465e-01 4.8320e-01 5.0025e-01
1.6511e-01 6.8567e-01 4.2109e-01
7.9137e-01 3.1889e-01 3.2828e-01
5.6237e-02 7.4527e-01 3.3192e-01
7.6806e-01 3.4556e-02 2.7746e-01
5.9994e-01 3.4779e-01 3.1000e-01
1.0487e-01 1.6978e-01 4.1092e-01
3.2423e-01 4.7937e-01 3.3292e-01
1.4078e-01 1.8819e-01 4.7028e-01
6.0784e-02 4.1815e-01 2.3223e-01
6.4100e-01 1.1496e-01 3.9987e-01
8.9921e-01 1.0168e-01 2.5330e-01
5.6700e-01 1.4360e-01 4.7390e-01
3.5729e-01 7.8801e-01 3.4525e-01
2.1213e-01 1.9109e-01 3.8325e-01
2.7977e-01 2.0629e-01 2.8488e-01
2.8289e-02 6.4995e-01 2.7643e-01
4.5866e-01 6.2913e-01 3.8126e-01
4.4529e-01 1.1059e-01 1.5210e-01
8.4297e-02 4.7884e-03 2.8027e-01
2.3554e-01 5.4397e-02 2.4521e-01
6.5481e-01 2.5832e-01 3.9276e-01
7.5256e-01 4.4047e-02 4.7139e-01
6.7444e-01 1.8350e-01 4.5583e-01
4.3749e-01 4.1033e-01 3.4503e-01
2.3711e-01 1.8830e-01 3.9325e-01
4.3868e-01 2.8610e-01 2.6436e-01
3.2066e-01 2.0058e-01 3.7864e-01
4.1909e-01 1.4664e-02 3.8191e-01
1.7211e-01 5.4532e-01 4.9253e-01
3.0628e-01 1.4173e-01 4.5987e-01
3.2281e-01 1.4374e-01 3.1376e-01
8.0366e-01 7.4615e-02 1.7995e-01
2.0158e-01 1.4099e-02 1.9634e-01
2.3221e-01 7.0446e-01 3.9793e-01
7.3804e-01 3.4968e-01 4.5503e-01
3.1241e-01 4.0923e-01 3.3609e-01
8.8316e-01 2.6130e-01 4.1801e-01
4.2755e-01 1.3865e-01 4.5420e-01
7.0450e-01 5.3119e-01 3.6629e-01
nan nan nan
1.8234e-02 6.7579e-01 3.1435e-01
1.5496e-02 2.0607e-01 2.1528e-01
8.6863e-02 3.2470e-01 1.9721e-01
7.0683e-01 5.6423e-01 5.0834e-01
2.8302e-01 4.6890e-01 2.5607e-01
2.2348e-01 2.8157e-01 4.2754e-01
6.7036e-01 3.3503e-01 3.0785e-01
5.1205e-01 8.4890e-01 3.5199e-01
1.9460e-01 5.1459e-01 2.2599e-01
3.9407e-01 1.1012e-01 2.5628e-01
3.4211e-01 5.6735e-01 3.5094e-01
4.9025e-01 2.0898e-01 1.8202e-01
4.9578e-01 2.1097e-01 4.2510e-01
4.7991e-01 4.6601e-02 3.7911e-01
6.3690e-01 1.9788e-01 2.8101e-01
6.8464e-01 2.8644e-02 4.0514e-01
2.1593e-01 3.4172e-02 2.9277e-01
3.4026e-01 1.8118e-01 1.6363e-01
7.8919e-01 7.5859e-02 4.6651e-01
2.5994e-01 5.1243e-01 2.5185e-01
4.7580e-01 5.3902e-01 5.4567e-01
5.2182e-01 7.0923e-01 4.1624e-01
7.1754e-01 3.5750e-01 4.9321e-01
6.9998e-01 3.8339e-01 4.2768e-01
3.5571e-01 3.4467e-01 3.5048e-01
8.2408e-01 5.2402e-01 1.8688e-01
5.9589e-01 3.6144e-01 4.1392e-01
1.6234e-01 3.2050e-01 2.3415e-01
4.1441e-01 7.6072e-01 2.7700e-01
2.4060e-01 2.0325e-01 3.1415e-01
2.1313e-01 6.9372e-01 2.0974e-01
6.5312e-01 3.2218e-01 2.8774e-01
4.5342e-01 4.1736e-01 4.6104e-01
3.6889e-01 4.6584e-01 4.1786e-01
2.4950e-01 6.2808e-01 5.4771e-01
5.9639e-01 7.2421e-03 4.7673e-01
4.5115e-01 1.0992e-01 3.3159e-01
1.0999e-01 9.8562e-01 3.3683e-01
1.3898e-01 5.4252e-01 1.8207e-01
1.3411e-01 5.2227e-01 3.9305e-01
1.2307e-01 6.3257e-01 3.6415e-01
8.3963e-01 1.0762e-01 1.9505e-01
8.5020e-02 7.8065e-01 3.1706e-01
8.8126e-01 1.0429e-01 2.3813e-01
5.8998e-01 5.9447e-01 3.5124e-01
2.2941e-02 1.5597e-01 2.0967e-01
3.3534e-01 4.3745e-01 4.3216e-01
1.5625e-01 2.8120e-01 4.6988e-01
2.5630e-02 4.4460e-01 1.8044e-01
7.4891e-01 1.1802e-01 1.2826e-01
9.2029e-01 7.4873e-02 3.3253e-01
6.1161e-01 2.6944e-01 4.0216e-01
3.4308e-01 6.5764e-01 2.6732e-01
2.4150e-01 3.4264e-01 1.3698e-01
2.4605e-01 4.8146e-01 2.3297e-01
8.1381e-02 4.6498e-01 2.8382e-01
5.0754e-01 4.0256e-01 3.5644e-01
5.8904e-01 9.4728e-03 2.6730e-01
2.5946e-02 2.7982e-02 3.1801e-01
2.5638e-01 8.4849e-02 1.7454e-01
6.8924e-01 3.8059e-01 4.4744e-01
7.0717e-01 1.1733e-01 4.5950e-01
7.7446e-01 1.2057e-01 5.2066e-01
6.1081e-01 1.8229e-01 2.6362e-01
3.6712e-01 1.4985e-01 2.8901e-01
4.2734e-01 3.9155e-01 4.5969e-01
1.9840e-01 1.6904e-01 4.7600e-01
4.9957e-01 1.1978e-01 3.5046e-01
1.1160e-01 4.3863e-01 3.2928e-01
9.0461e-01 3.0068e-02 4.4022e-01
6.4689e-02 2.1151e-01 3.7308e-01
7.9826e-01 2.3485e-01 4.1528e-01
2.7526e-01 8.8709e-02 2.8795e-01
7.3064e-02 8.5121e-01 2.2646e-01
7.9331e-01 3.4854e-01 3.9417e-01
4.4722e-01 3.7281e-01 2.2820e-01
7.4420e-01 1.6453e-01 5.2565e-01
4.3047e-01 1.9918e-01 3.3582e-01
7.5034e-01 5.9075e-01 4.0041e-01
nan nan nan
9.2813e-03 4.9984e-01 2.7403e-01
5.7999e-02 3.3842e-01 3.5939e-01
4.0352e-02 8.0700e-02 4.5380e-01
6.7949e-01 7.4530e-01 4.2644e-01
3.8767e-01 4.2940e-01 2.6926e-01
1.6329e-01 3.4269e-01 3.4614e-01
7.9423e-01 2.1569e-01 7.6232e-02
5.2546e-01 7.9406e-01 2.2496e-01
2.4888e-02 5.4858e-01 4.7082e-01
2.9145e-01 8.1106e-02 3.2673e-01
3.5599e-01 6.9784e-01 3.4841e-01
5.4579e-01 2.0234e-01 5.1870e-01
3.9043e-01 3.2519e-01 5.1723e-01
3.9881e-01 1.0502e-01 2.8606e-01
6.9527e-01 3.3707e-02 3.0927e-01
5.8337e-01 4.4609e-02 3.7159e-01
2.5276e-01 4.2718e-02 2.1760e-01
3.8537e-01 2.1791e-01 2.5685e-01
7.7420e-01 6.6201e-02 3.9791e-01
2.9962e-01 5.0584e-01 3.6619e-01
4.3768e-01 6.6704e-01 2.5225e-01
nan nan nan
6.1680e-01 4.7787e-01 3.9342e-01
5.3510e-01 4.3661e-01 3.2960e-01
7.3077e-01 3.3599e-01 2.7353e-01
7.8970e-01 5.3063e-01 3.2170e-01
6.6267e-01 5.2432e-01 2.7139e-01
8.5792e-02 2.4041e-01 4.4258e-01
3.5304e-01 7.8540e-01 4.4888e-01
8.4009e-02 4.5454e-01 1.8729e-01
2.0185e-02 7.1127e-01 2.9260e-01
5.5323e-01 5.6537e-01 3.8223e-01
4.4318e-01 3.9431e-01 2.9864e-01
3.5917e-01 6.6451e-01 3.9264e-01
2.6958e-01 5.6246e-01 2.8545e-01
4.7250e-01 8.9482e-02 2.5373e-01
4.5618e-01 1.7447e-01 5.6952e-01
nan nan nan
1.4609e-01 5.3445e-01 1.9577e-01
2.0072e-01 6.1997e-01 3.8815e-01
1.7226e-01 7.0163e-01 3.5209e-01
7.4156e-01 2.4950e-01 3.6533e-01
6.2723e-02 6.8447e-01 1.7944e-01
8.5512e-01 2.2240e-02 2.3458e-01
5.5301e-01 4.5778e-01 1.6394e-01
7.3510e-02 1.7131e-01 3.4259e-01
4.1097e-01 5.3827e-01 3.3416e-01
2.1424e-01 2.6257e-01 3.8207e-01
9.7482e-02 3.6375e-01 3.4450e-01
6.3432e-01 4.7925e-03 2.3937e-01
8.6244e-01 3.3764e-01 4.5906e-01
5.3086e-01 4.1660e-01 3.9491e-01
2.9502e-01 7.9868e-01 2.9616e-01
3.3476e-01 3.1775e-01 2.4800e-01
2.0062e-01 3.8320e-01 3.5399e-01
3.4629e-02 7.2441e-01 4.1157e-01
4.6649e-01 5.9111e-01 4.1446e-01
5.3192e-01 8.5185e-02 4.5953e-01
6.1910e-02 1.6034e-01 5.2807e-01
8.7005e-01 1.8491e-01 1.4018e-01
5.6688e-01 7.4390e-01 4.7290e-01
8.4375e-01 4.6065e-01 3.1290e-01
7.3325e-01 4.2613e-02 4.9432e-01
6.3721e-01 2.8325e-01 3.1767e-01
3.8297e-01 1.7515e-01 3.1514e-01
4.5801e-01 3.3289e-01 3.8603e-01
2.2093e-01 2.3263e-01 2.8231e-01
5.5700e-01 1.8461e-01 2.0395e-01
2.0181e-01 4.3524e-01 2.0261e-01
7.2052e-01 1.7787e-01 1.8003e-01
3.4771e-01 2.0633e-01 4.2881e-01
9.0066e-01 8.6115e-02 3.2670e-01
3.5651e-01 1.7540e-01 2.4724e-01
4.6144e-02 7.3216e-01 2.2870e-01
7.3237e-01 1.7443e-01 3.5833e-01
3.8667e-01 4.3918e-01 1.7649e-01
4.0200e-02 2.9840e-01 3.2040e-01
6.1207e-01 2.7192e-01 1.7852e-01
5.6450e-01 4.5208e-01 3.3974e-01
nan nan nan
8.2711e-02 6.2666e-01 2.3799e-01
1.5330e-02 2.1889e-01 2.0995e-01
1.2386e-01 4.0483e-03 3.5246e-01
nan nan nan
4.3542e-01 4.4795e-01 3.6427e-01
2.2908e-01 2.6995e-01 2.1513e-01
8.3520e-01 3.9226e-01 2.7495e-01
6.0750e-01 6.7582e-01 2.2849e-01
2.2864e-02 4.8131e-01 2.2466e-01
3.6344e-01 5.6260e-02 2.4638e-01
4.5727e-01 6.1270e-01 2.5375e-01
5.8456e-01 1.4164e-01 3.1378e-01
4.9572e-01 2.3263e-01 1.6506e-01
3.4336e-01 5.4529e-02 1.8033e-01
6.7608e-01 2.9208e-02 2.1704e-01
6.1623e-01 3.0303e-02 3.4020e-01
3.2507e-01 4.0445e-02 2.6908e-01
2.6973e-01 7.1903e-02 1.9851e-01
7.9846e-01 2.7570e-02 2.8706e-01
2.9728e-01 3.5663e-01 3.6375e-01
5.3225e-01 7.5228e-01 4.1622e-01
4.3227e-01 7.7547e-01 5.0703e-01
7.5774e-01 4.3829e-01 2.4367e-01
5.4494e-01 3.1646e-01 4.7483e-01
8.4202e-01 2.4714e-01 3.1943e-01
8.5113e-01 4.9855e-01 4.3594e-01
6.2922e-01 1.3337e-01 3.5489e-01
6.0790e-02 4.2327e-01 1.8666e-01
3.7819e-01 7.4939e-01 3.4071e-01
1.0700e-01 4.4112e-01 2.8256e-01
6.8927e-02 7.4957e-01 4.4760e-01
6.3987e-01 3.7786e-01 2.8185e-01
3.8385e-01 2.9838e-01 3.8661e-01
3.6600e-01 4.7500e-01 3.3518e-01
2.6762e-01 3.9973e-01 3.5844e-01
4.8925e-01 1.2510e-01 4.0413e-01
4.5615e-01 2.6198e-01 1.9467e-01
1.6500e-01 8.2681e-01 1.8087e-01
1.2638e-01 3.5665e-01 4.0312e-01
2.2602e-01 5.8888e-01 1.6504e-01
2.1652e-01 5.9562e-01 3.0799e-01
6.7697e-01 2.9206e-01 2.8653e-01
2.1437e-01 5.6855e-01 2.4032e-01
8.3972e-01 4.3805e-02 3.9863e-01
5.6871e-01 4.7281e-01 4.3908e-01
1.7069e-01 2.1640e-02 2.1634e-01
2.6718e-01 4.1653e-01 4.6734e-01
2.0699e-01 3.1441e-01 3.1512e-01
7.9001e-02 1.7107e-01 4.0362e-01
6.3894e-01 4.4806e-02 4.4559e-01
9.7352e-01 2.3842e-01 3.2516e-01
5.7120e-01 3.6721e-01 3.0668e-01
4.0401e-01 7.5610e-01 1.9426e-01
3.7901e-01 6.0295e-01 3.1697e-01
1.7253e-01 6.2459e-01 2.6523e-01
1.0217e-01 5.6412e-01 4.0327e-01
4.7736e-01 5.3725e-01 4.7920e-01
4.9057e-01 3.5406e-03 2.3246e-01
1.4257e-01 1.2692e-01 2.8007e-01
9.5082e-01 5.2904e-02 3.5635e-01
6.8314e-01 5.9628e-01 2.1873e-01
7.4173e-01 6.7843e-02 2.6047e-01
7.8919e-01 1.5855e-01 2.5702e-01
5.6265e-01 3.0887e-01 2.5245e-01
3.2087e-01 1.0956e-01 5.0062e-01
4.6167e-01 2.2047e-01 4.7021e-01
1.3352e-01 3.7693e-01 3.2882e-01
3.8572e-01 1.4606e-01 2.8118e-01
1.4758e-01 4.1672e-01 3.5578e-01
8.1329e-01 2.8932e-01 2.6674e-01
4.0909e-01 2.0036e-01 1.5119e-01
6.2985e-01 2.0312e-02 3.2103e-01
2.0189e-01 1.9082e-01 3.9994e-01
1.3725e-01 7.8198e-01 3.3974e-01
6.5247e-01 1.8900e-01 3.0453e-01
2.6596e-01 1.9942e-01 1.8239e-01
8.9440e-01 1.2622e-01 4.6670e-01
4.1807e-01 1.8708e-01 2.0388e-01
6.8164e-01 4.7823e-01 5.3561e-01
nan nan nan
7.0636e-02 4.8915e-01 4.7300e-01
2.6972e-02 8.1598e-02 3.6777e-01
7.0416e-02 2.0100e-01 5.0386e-01
nan nan nan
5.6806e-01 6.7904e-01 2.5267e-01
3.2265e-01 2.0544e-01 3.3339e-01
8.1139e-01 3.8588e-01 4.9184e-01
5.9597e-01 4.5506e-01 1.0729e-01
5.7524e-02 5.3474e-01 1.9100e-01
3.0259e-01 1.3996e-01 2.3086e-01
4.9053e-01 8.3565e-01 4.0266e-01
6.8457e-01 4.3075e-01 2.1981e-01
4.4050e-01 2.4775e-01 3.5577e-01
2.8376e-01 5.1425e-02 1.8672e-01
7.7215e-01 1.7407e-02 4.5883e-01
5.6326e-01 1.9750e-01 3.7140e-01
2.0606e-01 1.9703e-02 4.1665e-01
5.1517e-01 1.1843e-01 3.3543e-01
7.7941e-01 4.9533e-02 2.3219e-01
2.8446e-01 3.7488e-01 4.5729e-01
5.5988e-01 6.5478e-01 6.1719e-01
nan nan nan
5.8303e-01 2.7860e-01 1.6905e-01
4.8318e-01 4.3174e-01 1.9929e-01
6.0721e-01 1.9200e-01 2.9218e-01
6.8021e-01 5.9146e-01 3.0763e-01
7.9620e-01 1.4377e-01 3.6095e-01
4.4138e-02 5.1501e-01 2.2266e-01
3.6300e-01 8.1272e-01 5.1308e-01
2.2415e-01 3.8213e-01 4.9687e-01
4.1773e-02 6.7748e-01 3.3189e-01
5.7584e-01 2.0958e-01 3.9296e-01
3.5169e-01 3.2266e-01 5.0891e-01
2.8641e-01 4.9965e-01 3.4989e-01
2.8953e-01 2.8336e-01 3.7866e-01
4.2116e-01 8.5790e-02 5.1394e-01
3.8155e-01 3.4992e-01 2.2771e-01
2.7597e-01 8.8741e-01 3.9563e-01
1.9197e-01 6.0765e-01 3.4650e-01
2.5815e-01 6.0943e-01 3.5012e-01
2.8882e-01 5.6146e-01 4.9057e-01
6.9687e-01 2.0462e-01 4.5442e-01
2.2602e-01 8.6152e-01 3.9628e-01
8.0610e-01 7.2433e-04 1.6844e-01
4.8551e-01 6.0573e-01 1.3646e-01
7.4910e-02 2.7117e-02 3.2277e-01
2.5228e-01 4.0689e-01 2.0478e-01
2.6375e-01 3.4075e-01 3.3689e-01
1.0159e-01 2.3316e-01 4.8371e-01
5.8156e-01 1.9215e-01 4.5028e-01
2.3722e-01 2.6262e-01 2.8089e-01
6.9251e-01 3.3446e-01 3.0870e-01
3.6103e-01 8.4402e-01 2.1807e-01
2.8792e-01 7.1775e-01 5.5678e-01
1.0064e-01 5.0591e-01 2.6593e-01
1.0145e-01 6.6852e-01 4.8016e-01
5.0106e-01 4.7855e-01 4.1655e-01
6.3520e-01 3.8332e-02 3.0693e-01
1.5303e-01 9.8845e-02 2.1674e-01
9.0250e-01 1.7267e-02 5.3484e-01
8.2075e-01 5.5950e-01 1.6906e-01
5.3420e-01 2.0741e-01 2.6059e-01
7.1739e-01 4.9094e-01 4.1443e-01
5.0854e-01 4.3106e-01 1.6349e-01
