# d_x d_y d_z
7.7514e-02 1.9076e-01 1.1942e+00
3.1604e-01 6.0887e-01 9.6339e-01
8.5358e-02 1.5148e-01 6.6616e-01
3.6805e-02 6.7296e-02 5.2940e-01
2.4745e-01 7.3992e-02 8.6193e-01
4.9199e-01 4.2698e-01 9.9819e-01
8.1389e-01 1.4891e-01 1.0008e+00
1.1152e-01 3.3534e-01 1.3152e+00
3.4945e-01 1.7971e-01 3.2342e-01
3.1346e-01 9.1126e-01 4.8245e-01
7.6268e-01 5.6547e-01 4.3279e-01
3.6539e-01 4.4705e-01 1.3045e+00
5.7794e-01 2.2188e-02 6.2686e-01
3.8750e-01 5.4346e-01 5.8266e-01
3.1031e-01 3.2946e-01 6.4715e-01
3.8842e-01 2.9062e-01 3.0865e-01
3.9144e-01 2.8670e-02 1.3800e+00
1.7672e-01 3.7705e-01 1.1149e+00
7.4293e-02 1.1272e-01 7.6586e-01
1.3683e-01 1.2637e-01 1.0278e+00
1.4925e-02 3.0250e-01 3.8817e-01
3.9964e-01 2.2192e-01 1.2526e+00
3.9869e-01 5.3851e-01 5.4500e-01
1.8878e-01 2.6944e-01 9.9468e-01
5.4234e-01 1.5016e-01 1.1344e+00
2.4002e-01 2.1491e-01 4.8101e-01
6.3162e-01 9.5772e-02 3.9183e-01
7.7434e-02 7.7208e-01 9.7591e-01
3.5319e-01 1.7455e-01 9.5393e-01
4.1571e-01 2.0211e-01 1.0340e+00
2.5934e-01 3.3017e-01 1.0036e+00
4.6044e-01 5.9020e-01 9.6221e-01
5.7991e-01 1.8467e-01 1.0086e+00
1.6207e-01 5.2686e-01 1.3308e+00
2.0911e-01 1.3142e-01 1.1143e+00
1.6169e-01 7.4221e-02 8.5555e-01
3.8003e-01 7.3670e-01 5.2564e-01
1.9115e-01 1.4181e-01 8.8727e-01
4.2480e-01 1.3097e-01 9.8711e-01
2.5397e-01 4.8246e-02 5.2149e-01
3.9081e-01 3.0004e-01 5.8711e-01
5.7429e-01 3.2056e-01 9.7667e-01
2.2134e-01 4.6418e-01 5.1861e-01
8.3665e-02 3.1150e-01 8.3278e-01
4.7045e-01 2.9377e-01 9.5917e-01
8.1732e-01 3.0544e-01 5.0845e-01
2.9978e-01 1.6029e-01 6.0677e-01
8.4025e-01 3.9299e-02 1.2569e+00
1.8625e-02 5.6775e-01 9.4433e-01
1.4244e-01 2.3264e-01 9.0354e-01
1.6514e-01 8.3892e-02 9.4527e-01
2.5681e-02 7.0547e-02 1.0901e+00
1.0476e-01 5.1956e-01 4.5583e-01
5.3237e-02 3.8054e-01 1.0925e+00
6.1167e-02 9.8002e-02 1.0388e+00
3.2005e-01 5.3099e-01 7.8806e-01
8.1276e-01 2.9324e-01 1.1350e+00
7.6165e-01 2.9769e-01 7.8476e-01
2.6470e-02 2.4321e-01 7.8875e-01
6.9646e-01 3.2372e-01 8.1987e-01
7.0706e-01 2.0433e-02 8.6253e-01
3.9509e-02 3.6608e-01 1.0566e+00
6.9368e-02 4.1372e-01 7.2457e-01
2.2495e-01 4.7735e-01 8.4460e-01
6.8240e-01 6.4334e-02 8.1698e-01
1.0018e-01 6.0309e-01 7.0227e-01
5.8496e-01 2.4045e-01 7.7596e-01
4.3501e-01 6.4255e-02 9.9643e-01
9.3390e-01 2.5146e-01 1.0037e+00
6.3704e-01 2.9591e-01 7.1538e-01
9.7738e-03 7.4632e-01 1.0225e+00
3.4539e-01 6.7101e-02 9.5405e-01
7.6624e-01 1.5883e-01 7.8773e-01
2.7640e-02 5.7107e-01 6.9118e-01
4.5564e-01 2.0089e-01 7.9328e-01
8.0496e-02 7.7092e-01 8.0481e-01
8.3096e-01 4.1905e-01 9.3571e-01
3.5632e-01 3.0780e-01 7.3251e-01
3.0568e-01 8.4141e-02 1.2402e+00
7.2993e-01 9.6938e-03 7.7587e-01
2.8661e-01 1.1360e-01 1.3026e+00
4.5233e-01 3.6420e-02 3.0655e-01
2.8515e-02 8.1160e-01 7.8423e-01
6.8186e-01 3.3822e-01 6.4103e-01
1.5120e-01 6.3320e-01 9.7313e-01
1.9495e-01 1.3412e-01 9.7506e-01
6.4775e-01 2.2134e-01 4.2394e-01
3.8997e-01 7.6187e-01 5.5768e-01
2.4957e-01 3.7005e-01 5.0408e-01
4.7775e-01 5.3762e-01 1.7342e-01
2.4557e-01 4.3034e-01 1.3855e+00
2.5524e-01 8.4466e-01 1.2528e+00
4.0710e-01 8.1349e-01 8.5055e-01
4.0554e-01 4.9422e-01 9.0457e-01
1.6143e-01 1.5101e-01 1.4083e+00
6.5548e-01 8.5223e-02 9.6454e-01
4.9360e-01 3.4102e-01 7.6132e-01
8.0794e-02 7.0360e-01 5.2640e-01
2.3519e-01 6.5081e-01 3.8340e-01
1.3682e-01 3.4977e-01 4.2433e-01
2.3714e-01 6.1162e-01 7.0796e-01
8.5333e-01 5.7741e-01 7.9743e-01
4.3597e-03 6.5762e-01 1.3318e+00
5.6761e-01 6.8471e-02 1.0608e+00
1.1487e-01 4.2978e-01 9.7666e-01
6.4147e-01 4.1201e-01 8.0895e-01
3.0389e-01 6.3857e-01 1.2394e+00
5.1992e-01 3.6906e-01 9.5805e-01
1.1733e-01 2.1353e-01 2.2419e-01
5.0707e-01 1.9091e-01 6.6483e-01
5.4589e-02 5.6378e-01 5.6191e-01
2.9460e-01 4.1106e-01 4.6766e-01
4.1525e-01 6.9013e-01 6.7469e-01
3.5152e-01 7.8067e-01 8.2251e-01
8.9335e-02 4.4316e-01 5.7878e-01
4.0791e-01 3.3891e-01 9.3790e-01
4.4087e-01 6.1056e-02 6.1349e-01
1.9731e-01 3.2414e-01 4.1273e-01
6.0247e-01 1.5449e-01 4.6278e-01
6.2176e-01 1.7464e-01 9.1901e-01
3.5652e-01 2.4929e-01 9.7772e-01
1.9375e-01 7.3447e-01 9.2613e-01
6.4356e-02 1.5286e-01 7.8223e-01
1.1103e-01 4.2512e-02 1.0167e+00
3.3302e-02 1.5506e-01 7.4359e-01
2.6032e-01 2.4852e-01 1.2185e+00
7.7844e-01 1.2180e-01 5.9681e-01
1.2020e-01 1.3578e-01 1.0444e+00
4.4548e-01 7.0158e-02 6.6756e-01
3.8369e-01 8.8317e-01 5.2282e-01
6.2539e-01 5.3682e-01 5.9228e-01
3.4790e-01 4.0293e-01 1.1317e+00
5.4987e-01 1.6788e-01 6.7505e-01
3.7274e-01 5.7150e-01 8.1068e-01
4.3111e-01 3.2654e-01 8.9077e-01
3.6143e-01 2.9215e-01 3.4808e-01
5.9742e-01 1.0842e-01 7.9878e-01
5.3260e-02 4.5453e-01 1.1458e+00
1.0594e-01 2.3958e-03 1.0745e+00
1.7830e-01 7.2758e-02 1.0710e+00
5.0279e-02 3.0590e-01 6.6742e-01
4.8051e-01 2.9456e-01 9.9966e-01
3.8922e-01 5.3421e-01 5.6665e-01
2.8359e-01 1.3356e-01 7.0329e-01
4.1819e-01 2.4249e-01 1.2106e+00
2.3851e-01 3.4612e-01 8.8442e-01
6.1129e-01 3.0351e-01 8.4266e-01
2.8857e-01 7.6496e-01 1.1078e+00
3.3252e-01 4.6411e-02 1.5676e+00
4.7995e-01 5.1787e-02 1.0337e+00
2.9500e-01 2.9698e-01 1.0146e+00
5.0632e-01 3.8551e-01 1.1495e+00
6.1665e-01 1.2730e-01 5.7486e-01
1.5192e-01 5.4871e-01 1.0042e+00
2.4068e-01 1.8868e-02 1.1481e+00
1.9024e-01 1.1870e-01 9.7026e-01
nan nan nan
1.1967e-01 2.1402e-01 1.0684e+00
7.1878e-01 2.0697e-01 1.0162e+00
3.4786e-01 1.3624e-02 1.1229e+00
3.3287e-01 8.1306e-01 9.9094e-01
3.6380e-01 3.7657e-01 5.3487e-01
8.9683e-02 5.6172e-01 1.1366e+00
2.5603e-01 3.6677e-01 8.2744e-01
2.8663e-01 1.7663e-01 6.6479e-01
7.6705e-01 1.1717e-01 7.5787e-01
2.6634e-01 1.5350e-01 5.2533e-01
5.9212e-01 1.3086e-01 8.9513e-01
3.1784e-01 5.4720e-01 1.4094e+00
1.5099e-01 1.3413e-01 5.9560e-01
1.2818e-01 1.2170e-01 9.1506e-01
3.8029e-02 1.3143e-01 1.2257e+00
1.3043e-01 5.3684e-01 6.2828e-01
1.7409e-01 3.0555e-01 9.0847e-01
1.0606e-01 1.5999e-01 1.2074e+00
3.0043e-01 7.7057e-01 6.2567e-01
7.5067e-01 1.0478e-01 6.5873e-01
8.6717e-01 3.6765e-01 5.0023e-01
6.8040e-02 3.1776e-01 8.6463e-01
3.7521e-01 3.6217e-01 7.8324e-01
7.0916e-01 5.4149e-02 2.2871e-01
1.2248e-01 5.0786e-01 7.8440e-01
2.3321e-01 2.2527e-01 1.1979e+00
2.9295e-01 5.4984e-01 5.2549e-01
5.4401e-01 2.6668e-01 6.2553e-01
6.7339e-02 4.6335e-01 7.9258e-01
3.2329e-01 2.0963e-01 5.4166e-01
7.0423e-01 8.2900e-02 5.6710e-01
2.8869e-01 2.6721e-01 1.1276e+00
5.2082e-01 3.5292e-04 6.2163e-01
7.0914e-02 6.7742e-01 4.6284e-01
5.0651e-01 2.9900e-01 9.9354e-01
8.3892e-01 3.1549e-01 1.0352e+00
4.3959e-02 2.9851e-01 1.1139e+00
5.9033e-01 2.4984e-01 5.1434e-01
7.8420e-02 8.5394e-01 8.8348e-01
9.0250e-01 3.2021e-01 1.4003e+00
5.0903e-01 3.1809e-01 5.3358e-01
2.9208e-01 1.3911e-01 8.3211e-01
7.2946e-01 5.9519e-02 6.4979e-01
3.8157e-01 2.2076e-02 1.2434e+00
4.5881e-01 2.2521e-01 7.1644e-01
1.2082e-01 8.2684e-01 7.5547e-01
6.5696e-01 3.8758e-01 8.9451e-01
1.4518e-01 5.8135e-01 1.1979e+00
1.3199e-01 3.5537e-02 8.2356e-01
4.3483e-01 2.4001e-01 3.4460e-01
4.4312e-01 7.9780e-01 1.4738e+00
3.9686e-01 4.5183e-01 4.3188e-01
4.6479e-01 6.3845e-01 6.4001e-01
2.5253e-01 4.7900e-01 8.6652e-01
2.0966e-01 8.4528e-01 8.1197e-01
1.4784e-01 5.5797e-01 9.5955e-01
2.4397e-01 5.1479e-01 1.3305e+00
4.1073e-01 3.1363e-01 1.1011e+00
6.8675e-01 2.1473e-01 5.2025e-01
2.4931e-01 4.9131e-01 7.9768e-01
1.2610e-01 7.8895e-01 3.6204e-01
2.1183e-01 7.4607e-01 8.3166e-01
5.7424e-02 9.0815e-02 1.5306e-01
7.0008e-02 5.0610e-01 1.1747e+00
7.8153e-01 4.6677e-01 8.9940e-01
1.5084e-02 6.9351e-01 5.8821e-01
6.0810e-01 3.6731e-01 9.8421e-01
1.0705e-01 2.7823e-01 4.4660e-01
4.2352e-01 3.9906e-01 4.9091e-01
1.4886e-01 4.4937e-01 7.9101e-01
5.2419e-01 4.1836e-01 6.2956e-01
6.6938e-02 1.1058e-01 6.6828e-01
4.7413e-01 8.8798e-02 7.1432e-01
1.0791e-02 6.3638e-01 6.1908e-01
1.6651e-01 4.9723e-01 1.1674e+00
4.4364e-01 5.3452e-01 8.6940e-01
4.2059e-01 6.1075e-01 5.3847e-01
8.8747e-02 4.8351e-01 8.4063e-01
3.5560e-01 4.9799e-01 7.9791e-01
3.4385e-01 1.0189e-01 6.5486e-01
2.6737e-01 2.8551e-01 1.1082e+00
6.8541e-01 2.6712e-01 9.0817e-01
7.1145e-01 4.9893e-01 7.5495e-01
5.0618e-01 4.3870e-01 2.9752e-01
1.2411e-01 8.2315e-01 5.9895e-01
9.6630e-02 3.4128e-01 1.0537e+00
1.2062e-01 8.8628e-02 1.0270e+00
2.9731e-02 3.2644e-01 9.9318e-01
2.5492e-01 2.0900e-01 5.9724e-01
5.1124e-01 2.0153e-01 5.4236e-01
1.4377e-01 1.1357e-01 3.3762e-01
4.2500e-01 6.5351e-03 1.0141e+00
3.1176e-01 7.3805e-01 8.6177e-01
5.2056e-01 5.1869e-01 5.0523e-01
5.3314e-01 2.0333e-01 1.0885e+00
7.6639e-01 1.4872e-01 8.1358e-01
nan nan nan
2.4248e-01 2.5125e-01 5.7674e-01
3.2219e-01 1.8715e-01 7.2061e-01
4.8406e-01 8.4204e-02 6.7230e-01
9.3880e-03 4.5169e-01 6.1879e-01
1.6961e-01 4.2345e-01 1.0713e+00
3.2264e-01 2.9582e-01 7.8684e-01
6.5213e-02 1.6732e-01 1.0828e+00
4.7565e-01 3.2142e-01 9.4569e-01
2.1142e-01 3.9720e-01 1.1395e+00
2.2358e-01 1.1568e-01 7.6997e-01
3.1415e-01 4.0202e-01 1.1185e+00
2.7032e-01 2.4591e-01 6.1586e-01
5.6124e-01 2.2300e-01 8.9934e-01
2.1894e-01 6.3405e-01 1.2162e+00
1.3784e-01 6.6490e-02 6.0470e-01
5.7403e-01 1.0709e-01 7.0409e-01
2.5682e-01 5.8404e-02 1.0160e+00
4.7532e-01 1.7010e-01 1.0757e+00
6.5873e-01 2.1541e-01 2.8607e-01
8.6025e-02 4.4972e-01 7.1615e-01
1.3041e-01 1.3963e-01 9.2356e-01
4.2162e-01 2.1199e-01 7.1261e-01
nan nan nan
2.2467e-01 9.8114e-02 1.0856e+00
5.7035e-01 3.7984e-01 9.3825e-01
3.3276e-01 2.2924e-02 1.1057e+00
3.5762e-01 4.9957e-01 8.8354e-01
4.5268e-01 3.5285e-01 4.6741e-01
1.2724e-01 4.9714e-01 8.4971e-01
2.3891e-01 2.1350e-01 1.0822e+00
3.9436e-01 9.0129e-02 9.7671e-01
6.8888e-01 4.6976e-01 1.0136e+00
2.1131e-01 6.0048e-02 4.2364e-01
4.7799e-01 3.6015e-02 6.7187e-01
4.3036e-01 7.1676e-01 5.2831e-01
1.0985e-01 1.7144e-01 4.6876e-01
7.0081e-02 6.7695e-02 8.0169e-01
3.8514e-02 4.0985e-03 1.2941e+00
1.1231e-01 7.5211e-01 8.7350e-01
1.4161e-01 4.4784e-01 7.2906e-01
1.6408e-01 7.3873e-02 1.2738e+00
3.9317e-01 4.8348e-01 5.9977e-01
7.2004e-01 3.2988e-02 7.9868e-01
8.4840e-02 4.1749e-01 5.7019e-01
1.9761e-01 3.1012e-01 1.6452e+00
1.7231e-01 5.1060e-01 7.5455e-01
6.5880e-01 1.2285e-01 3.5901e-01
1.4409e-01 3.6639e-01 5.6308e-01
2.9437e-01 1.9874e-01 1.2337e+00
2.8352e-01 5.3198e-01 1.0113e+00
5.4990e-01 3.0174e-01 4.6462e-01
2.0638e-01 5.2753e-01 6.1664e-01
8.7055e-01 1.2547e-01 7.9610e-01
6.8004e-01 1.5049e-01 5.0799e-01
8.9052e-01 2.3128e-01 1.1289e+00
6.9688e-01 1.2617e-01 6.4167e-01
3.3280e-02 4.7478e-01 8.2559e-01
4.2203e-01 4.1191e-02 3.9005e-01
6.2088e-01 1.2769e-02 1.0848e+00
1.0721e-02 2.9274e-01 1.0212e+00
7.1411e-01 1.7088e-01 8.3850e-01
2.5271e-01 7.0060e-01 3.8845e-01
7.9032e-01 1.6185e-01 6.2467e-01
6.0842e-01 1.6135e-01 8.5099e-01
1.5843e-01 2.0459e-01 1.3613e+00
8.4337e-01 5.1299e-02 8.2457e-01
4.2382e-01 1.2491e-01 1.0163e+00
5.9389e-01 2.0780e-01 8.8761e-01
7.1786e-02 7.3211e-01 3.4192e-01
7.4891e-01 2.2549e-01 4.3239e-01
8.9078e-02 7.1358e-01 8.1102e-01
1.2604e-01 1.6173e-01 9.1405e-01
3.8341e-01 8.2100e-02 1.5551e+00
4.2971e-01 3.2872e-01 6.4087e-01
3.2257e-01 4.0205e-01 5.5197e-01
4.8200e-01 6.0954e-01 9.0511e-01
4.1144e-01 4.3471e-01 5.7462e-01
1.5563e-01 6.0742e-01 7.2189e-01
1.6934e-01 5.7055e-01 8.9262e-01
2.8559e-01 3.1200e-01 9.1813e-01
3.7604e-01 3.4389e-01 9.8850e-01
8.2083e-01 2.2333e-01 6.4796e-01
3.5246e-01 5.4848e-01 7.7110e-01
1.5277e-01 8.5508e-01 7.5563e-01
5.6715e-02 6.9381e-01 8.0800e-01
3.7244e-02 2.1909e-01 4.9636e-01
9.2254e-02 5.9568e-01 9.3850e-01
6.1574e-01 4.6310e-01 7.1344e-01
2.0491e-01 5.4161e-01 7.4054e-01
4.3674e-01 1.5099e-01 7.8281e-01
1.2938e-01 1.7796e-01 9.0585e-01
6.0524e-01 1.9791e-01 6.0762e-01
1.1811e-01 3.0584e-01 1.2709e+00
5.0288e-01 4.8967e-01 7.3925e-01
7.3110e-03 2.3542e-01 7.3448e-01
4.1646e-01 6.2462e-02 1.1889e+00
7.4108e-02 4.7761e-01 1.0516e+00
1.1036e-01 4.8196e-01 8.0992e-01
4.8194e-01 5.5862e-01 8.2855e-01
2.3871e-01 3.3427e-01 1.1750e+00
1.2000e-01 5.4055e-01 6.8078e-01
3.8402e-01 5.4419e-01 6.1201e-01
2.9393e-01 1.0857e-01 7.3743e-01
3.8107e-02 3.3840e-03 7.3749e-01
7.4190e-01 1.8758e-01 1.1131e+00
6.5639e-01 3.1268e-01 7.0740e-01
7.6814e-01 3.6998e-01 6.7756e-01
2.5841e-01 7.1829e-01 6.1140e-01
6.6089e-02 2.4741e-01 9.9795e-01
1.8633e-01 2.1155e-01 1.1068e+00
3.7974e-03 2.1330e-01 7.7567e-01
2.1226e-01 1.2978e-01 6.2027e-01
1.0061e-01 1.3966e-01 8.0653e-01
1.6499e-01 4.8347e-02 5.9034e-01
3.0662e-01 9.2801e-02 1.4078e+00
2.5088e-01 7.1510e-01 7.7140e-01
4.6381e-01 3.9997e-01 5.4235e-01
7.6405e-01 8.9795e-02 5.8773e-01
8.5140e-01 1.7534e-01 6.4386e-01
5.3525e-01 1.2122e-01 6.2938e-01
3.1066e-01 3.3300e-01 6.1383e-01
2.5189e-01 2.8718e-02 3.8121e-01
5.8975e-01 1.4002e-01 7.6391e-01
1.9479e-01 6.0694e-01 4.0104e-01
8.3282e-02 1.5015e-01 1.0301e+00
3.3045e-01 1.2093e-01 7.8368e-01
1.4631e-01 3.9394e-01 9.6043e-01
4.0510e-01 2.7670e-01 5.8149e-01
2.6944e-01 3.9025e-01 9.3007e-01
2.7713e-01 2.1523e-01 6.1101e-01
2.8501e-01 4.0762e-01 3.3666e-01
3.9669e-01 4.6665e-02 9.3006e-01
4.8401e-01 2.6947e-01 1.8708e-01
2.0729e-01 4.0962e-01 4.7004e-01
2.9775e-01 2.5079e-01 3.1763e-01
5.5118e-01 2.3724e-01 4.9531e-01
2.1183e-01 3.0036e-02 1.4837e+00
5.0792e-01 3.4740e-01 8.3238e-01
5.4546e-01 1.4405e-02 1.6578e+00
9.6913e-02 3.9747e-01 1.2376e+00
7.2665e-02 3.0205e-01 8.3614e-01
3.0312e-01 1.9655e-01 6.4426e-01
nan nan nan
1.7098e-01 7.1252e-03 1.2562e+00
8.1515e-01 2.3155e-01 5.3498e-01
5.0837e-01 1.1394e-01 7.2692e-01
3.9366e-01 6.7635e-01 7.5821e-01
5.9579e-01 4.3524e-01 7.2173e-01
2.5739e-01 2.2287e-01 1.1364e+00
1.8790e-01 2.9980e-01 8.5437e-01
2.1570e-01 1.8061e-02 1.1502e+00
8.2974e-01 3.9526e-01 8.0775e-01
3.8935e-01 2.6409e-01 7.6978e-01
4.7303e-01 8.7572e-02 5.5462e-01
5.3397e-01 5.7910e-01 2.4411e-01
1.7273e-01 2.8217e-01 4.7511e-01
3.1107e-02 1.0024e-02 9.3120e-01
1.2750e-01 3.0965e-01 1.2970e+00
6.6973e-02 9.1092e-01 6.4584e-01
2.7885e-01 4.8890e-01 9.8211e-01
2.1112e-02 3.4243e-01 1.1195e+00
3.0064e-01 4.4767e-01 1.0941e+00
nan nan nan
7.6170e-01 7.2658e-02 1.0783e+00
3.9474e-01 2.2871e-01 8.7379e-01
2.5759e-02 3.1107e-01 4.9054e-01
5.7330e-01 1.5345e-02 5.3027e-01
1.2627e-01 3.8597e-01 5.2619e-01
4.2420e-01 3.7184e-02 1.1251e+00
3.5053e-01 5.9442e-01 6.6816e-01
6.2028e-01 2.6083e-01 9.2448e-01
1.6119e-01 4.0554e-01 5.0855e-01
8.9031e-01 1.2781e-01 4.4092e-01
4.9461e-01 4.9776e-02 4.2156e-01
7.4652e-01 1.1514e-01 7.9232e-01
5.9452e-01 5.0947e-02 9.0179e-01
1.1312e-01 6.9386e-01 5.8449e-01
4.4194e-01 1.6143e-01 7.1718e-01
7.0568e-01 1.4481e-01 5.2658e-01
1.2905e-02 4.1546e-01 6.7887e-01
5.2984e-01 1.0921e-01 3.9419e-01
2.2861e-01 7.6021e-01 4.7553e-01
2.0194e-01 2.1119e-01 8.4334e-01
4.6448e-01 1.3521e-01 1.1599e+00
1.5543e-01 1.3172e-01 6.2467e-01
6.9601e-01 7.7379e-02 1.0051e+00
2.5189e-01 2.5108e-02 1.3563e+00
6.5338e-01 2.4145e-01 9.7845e-01
2.6514e-01 7.0984e-01 7.3564e-01
6.2594e-01 5.0148e-02 9.0973e-01
6.7687e-02 3.2263e-01 7.2145e-01
1.5329e-01 2.2795e-01 1.0720e+00
4.1619e-01 3.9103e-02 1.2284e+00
5.6846e-01 5.1358e-01 5.5515e-01
2.1155e-01 4.4238e-01 6.7448e-01
1.8121e-01 8.9161e-01 7.6096e-01
4.1871e-01 3.9113e-01 6.8207e-01
1.6412e-01 6.7978e-01 7.6472e-01
1.5601e-02 5.7880e-01 5.0549e-01
2.9687e-01 3.2013e-01 8.4855e-01
3.7092e-01 5.0900e-01 1.1177e+00
7.5646e-01 9.5446e-02 4.4326e-01
3.4651e-01 4.6103e-01 8.1085e-01
1.6322e-01 7.2029e-01 4.7417e-01
3.2332e-02 7.9183e-01 5.8669e-01
1.3013e-01 5.8928e-02 3.9824e-01
1.0005e-01 6.2070e-01 8.9736e-01
7.0418e-01 3.3572e-01 7.7858e-01
2.6553e-01 4.4446e-01 7.7809e-01
3.6142e-01 4.1461e-01 1.1499e+00
5.4170e-02 5.9959e-02 3.7943e-01
5.9059e-01 3.0580e-01 9.6821e-01
9.2746e-02 7.5135e-03 1.1334e+00
4.3324e-01 4.5893e-01 7.4053e-01
4.9560e-03 2.2789e-01 6.1762e-01
3.1713e-01 1.1069e-01 9.3637e-01
1.0563e-05 3.9543e-01 7.6983e-01
1.5138e-01 3.9696e-01 9.6828e-01
6.5168e-01 4.3112e-01 5.0328e-01
4.6456e-01 3.5519e-01 6.6618e-01
2.2124e-01 5.3141e-01 3.8341e-01
3.7002e-01 4.1983e-01 3.1554e-01
3.2893e-01 1.1435e-01 9.8169e-01
2.6881e-04 1.6310e-01 1.1662e+00
7.6478e-01 1.3311e-01 3.4419e-01
7.6910e-01 1.2945e-01 8.7582e-01
7.9733e-01 3.6598e-01 5.3135e-01
2.4169e-01 7.6097e-01 9.0072e-01
7.2933e-02 6.5411e-02 1.3845e+00
3.4088e-01 2.5836e-01 6.5465e-01
1.0950e-01 1.5467e-01 6.6176e-01
2.5253e-01 1.6766e-01 7.2047e-01
8.6477e-01 1.4675e-02 4.5436e-01
1.6316e-01 4.3263e-03 7.8741e-01
3.3216e-01 4.8087e-03 8.1752e-01
3.0645e-01 7.4645e-01 8.8187e-01
5.4288e-01 5.5158e-01 8.1929e-01
7.4410e-01 1.8687e-01 9.9212e-01
8.2300e-01 2.5639e-01 9.3279e-01
6.8567e-01 3.8749e-01 9.9256e-01
3.0247e-01 3.1971e-01 3.3938e-01
1.4072e-01 7.4607e-02 6.9711e-01
5.6936e-01 7.3532e-02 3.7918e-01
8.7723e-02 5.7011e-01 4.4811e-01
1.8745e-02 3.5968e-01 7.9236e-01
2.7168e-01 1.4973e-01 7.3593e-01
5.2706e-02 4.6098e-01 8.7343e-01
4.9538e-01 1.9420e-01 4.2619e-01
3.9528e-01 6.1761e-01 2.5999e-01
4.7202e-01 2.7300e-01 4.5580e-01
1.6967e-01 3.1498e-01 8.0235e-01
4.5391e-01 3.6789e-01 1.1649e+00
5.0317e-01 3.9849e-01 8.5032e-01
1.6873e-01 8.5779e-01 6.3961e-01
2.4260e-01 3.4619e-01 6.4539e-01
4.6253e-01 4.7160e-02 7.1818e-01
3.6171e-02 9.0723e-02 1.2604e+00
4.0335e-01 3.7313e-01 1.0563e+00
5.3648e-01 1.6555e-01 1.3071e+00
1.8401e-01 4.6657e-01 9.2774e-01
2.5496e-02 1.7989e-01 9.9396e-01
3.7831e-01 2.9102e-01 6.4525e-01
nan nan nan
3.1621e-01 9.7442e-02 8.9161e-01
7.6263e-01 3.4245e-01 6.3825e-01
4.6452e-01 1.7583e-01 9.1129e-01
4.5901e-01 7.9977e-01 8.1702e-01
5.5561e-01 1.9734e-01 1.1562e+00
2.9199e-01 2.9773e-01 3.6533e-01
1.3801e-01 2.7428e-01 4.1771e-01
2.0398e-01 8.3003e-02 1.2640e+00
5.8975e-01 3.3323e-01 4.6632e-01
3.6914e-01 3.9488e-01 8.8932e-01
7.4928e-03 2.0835e-02 4.8838e-01
5.1609e-01 5.0336e-01 1.0929e+00
4.4343e-02 1.6567e-01 2.8428e-01
1.6740e-02 1.0917e-01 6.6330e-01
1.0334e-01 2.9288e-01 1.4359e+00
1.7081e-01 7.4577e-01 7.3147e-01
7.4357e-02 1.1450e-01 1.1676e+00
9.6693e-02 3.3823e-01 1.4308e+00
3.7969e-01 2.2807e-01 9.3784e-01
8.1564e-01 3.5501e-01 5.5342e-01
7.6150e-01 6.1844e-02 7.8145e-01
3.0530e-01 4.0607e-01 7.7635e-01
7.1501e-01 4.2457e-01 8.1562e-01
5.9831e-01 1.2553e-01 4.9412e-01
2.0522e-01 4.7576e-01 8.4239e-01
4.5467e-01 8.8677e-03 1.0897e+00
4.2187e-01 4.7302e-01 5.4664e-01
6.9617e-01 2.9918e-01 7.9240e-01
2.7282e-01 2.5219e-01 5.4428e-01
5.0366e-01 1.8058e-01 9.1617e-01
4.4900e-01 1.2485e-01 8.9393e-01
7.1223e-01 2.0655e-01 5.7860e-01
6.3381e-01 4.7291e-02 5.2514e-01
8.7228e-02 5.4781e-01 4.0400e-01
4.2134e-01 1.0890e-01 4.7505e-01
6.9811e-01 1.6899e-01 6.7577e-01
8.1961e-02 2.6876e-01 6.9839e-01
6.4468e-01 1.2884e-01 6.1222e-01
2.3512e-01 7.0016e-01 4.7647e-01
8.7289e-01 2.5929e-01 6.5062e-01
4.9106e-01 1.2087e-01 1.1697e+00
1.5333e-01 1.2749e-01 5.9383e-01
8.8298e-01 1.0481e-01 3.3033e-01
1.5723e-01 1.9246e-01 1.2532e+00
4.6119e-01 4.0959e-01 7.7730e-01
3.1221e-01 6.5959e-01 8.0601e-01
5.4013e-01 2.0597e-01 9.0680e-01
5.6387e-02 3.8585e-01 8.1197e-01
1.6458e-01 2.8010e-01 6.1769e-01
4.7730e-01 2.5632e-01 9.9847e-01
6.3098e-01 1.4142e-01 5.1367e-01
1.3977e-01 2.3841e-01 9.6479e-01
1.7413e-01 6.3196e-01 7.8685e-01
2.9378e-01 4.7449e-01 8.3521e-01
2.0290e-01 5.9006e-01 7.5162e-01
2.8583e-02 4.9541e-01 7.8450e-01
3.1657e-01 3.3387e-01 9.2216e-01
2.4579e-01 2.8803e-01 5.4682e-01
7.8417e-01 1.2086e-01 5.0472e-01
3.1778e-01 3.3558e-01 8.3380e-01
1.2291e-01 5.0578e-01 7.8228e-01
1.2029e-01 8.4461e-01 7.6850e-01
3.2728e-01 3.6115e-02 7.7432e-01
1.9443e-02 7.3450e-01 1.0213e+00
4.4497e-01 4.7361e-01 5.7550e-01
3.6517e-01 5.2393e-01 8.2103e-01
3.9583e-01 3.3470e-01 1.2375e+00
3.8869e-02 8.9128e-02 9.3312e-01
5.8585e-01 4.8973e-01 6.7833e-01
2.7977e-02 3.2942e-01 1.4654e+00
2.4674e-01 4.7642e-01 7.5493e-01
1.7692e-02 2.3309e-01 1.2730e+00
3.8436e-01 2.7224e-01 6.9268e-01
2.6292e-02 5.3269e-01 8.3435e-01
2.1154e-01 1.8595e-01 4.1059e-01
6.6316e-01 4.7087e-01 2.2902e-01
5.1781e-01 2.6193e-01 9.5526e-01
3.5026e-01 8.8730e-01 6.2116e-01
4.1929e-01 3.3325e-01 1.4149e+00
2.4032e-01 6.3691e-03 1.0581e+00
2.4562e-01 1.5959e-01 1.1477e+00
7.2072e-01 2.2005e-01 4.5462e-01
5.6259e-01 4.3093e-01 7.3630e-01
5.4306e-01 2.1668e-01 1.4443e+00
1.8068e-01 7.5435e-01 3.8094e-01
3.5542e-02 2.8058e-01 1.0963e+00
2.2246e-01 3.4713e-01 6.4150e-01
1.6114e-01 2.2588e-01 6.1426e-01
1.6633e-01 2.6048e-01 9.5025e-01
7.6217e-01 1.2627e-01 8.7066e-01
2.5151e-01 3.7138e-02 8.8917e-01
3.1244e-01 5.2490e-02 1.1188e+00
1.6225e-01 7.4130e-01 3.6654e-01
6.1919e-01 4.1488e-01 6.4400e-01
5.5443e-01 3.0803e-01 7.3602e-01
7.1243e-01 4.6688e-01 9.3680e-01
6.2225e-01 4.5741e-01 5.0571e-01
3.1794e-01 2.9695e-01 7.3051e-01
6.6300e-04 2.5415e-01 1.2660e+00
5.7765e-01 1.2364e-01 8.6359e-01
4.4964e-02 5.7882e-01 9.5588e-01
9.4189e-02 3.7617e-01 1.5070e+00
2.1176e-01 6.3506e-02 6.8218e-01
1.1051e-01 3.9981e-01 1.0399e+00
5.6741e-01 2.0377e-01 1.3766e+00
4.2600e-01 6.9505e-01 4.0238e-01
5.0767e-01 3.4806e-01 9.9720e-01
3.3459e-01 4.6822e-01 7.0103e-01
6.1090e-01 2.6511e-01 8.4488e-01
5.1422e-01 4.4237e-01 4.5644e-01
1.2150e-01 6.7713e-01 7.6681e-01
3.2299e-01 3.5898e-01 5.3463e-01
2.3921e-01 4.3848e-03 9.0787e-01
7.0101e-02 1.0301e-01 1.2259e+00
4.2813e-01 2.6740e-01 1.1252e+00
5.4162e-01 5.7629e-02 1.1418e+00
7.7714e-02 7.8008e-01 5.0134e-01
4.1951e-02 1.8408e-01 1.4437e+00
2.1918e-01 3.5632e-01 4.2245e-01
nan nan nan
3.0567e-01 2.8654e-01 6.5246e-01
7.4499e-01 2.3400e-01 7.6163e-01
5.5223e-01 2.2542e-02 9.8977e-01
4.5551e-01 6.4359e-01 7.8871e-01
5.7592e-01 3.5931e-01 4.7811e-01
6.6371e-02 4.2611e-01 5.1376e-01
5.0508e-02 2.3459e-01 7.2145e-01
3.1444e-01 1.2904e-01 7.9708e-01
7.9531e-01 2.9465e-01 4.3199e-01
1.4030e-01 4.1009e-01 4.6003e-01
4.4785e-01 2.1301e-01 5.8199e-01
5.1649e-01 3.6285e-01 7.9935e-01
8.6473e-02 5.5526e-02 5.2363e-01
3.3698e-02 1.9909e-01 7.1409e-01
2.0498e-01 2.0498e-01 1.2226e+00
1.4625e-01 7.1007e-01 8.8356e-01
3.0062e-01 2.4228e-01 1.1664e+00
4.8946e-02 2.8809e-01 1.3637e+00
4.8290e-01 2.1396e-01 8.2510e-01
8.8314e-01 3.4542e-01 5.5066e-01
8.0589e-01 1.2654e-02 1.1266e+00
3.6815e-01 4.8055e-01 1.1008e+00
7.7177e-01 3.0515e-01 9.8021e-01
5.7301e-01 9.1517e-02 4.1274e-01
1.4183e-01 4.9547e-01 7.0232e-01
5.8366e-01 3.7736e-03 1.1118e+00
4.5128e-01 4.4525e-01 4.7358e-01
7.4697e-01 2.7467e-01 3.9526e-01
3.4811e-01 1.9234e-01 7.9329e-01
2.2764e-01 5.2491e-02 7.8285e-01
4.0823e-01 7.1394e-02 4.5204e-01
6.0212e-01 3.6894e-01 1.0600e+00
6.6553e-01 1.7701e-02 1.1390e+00
1.4451e-01 6.1144e-01 4.2534e-01
3.4717e-01 8.0266e-02 6.9898e-01
7.9538e-01 4.7044e-02 6.2991e-01
4.3742e-02 2.1244e-01 8.2089e-01
7.5728e-01 1.7554e-01 7.4030e-01
2.6658e-01 6.7257e-01 1.0364e+00
7.1756e-01 2.7257e-03 4.9530e-01
5.3505e-01 2.7832e-02 1.1097e+00
7.4053e-04 2.0841e-01 6.1672e-01
6.4750e-01 3.7852e-03 5.8625e-01
2.3631e-01 3.4433e-01 9.7898e-01
5.9087e-01 1.5497e-01 6.1278e-01
2.9787e-01 4.6516e-01 4.1561e-01
5.1235e-01 5.0872e-01 5.9664e-01
1.7338e-01 3.4583e-01 2.7187e-01
2.0037e-01 4.8797e-01 1.4410e+00
3.9527e-01 2.9303e-01 8.9654e-01
5.7547e-01 1.4480e-01 6.7127e-01
1.6899e-01 1.2055e-01 1.2262e+00
1.4943e-01 6.1455e-01 1.3378e+00
3.9964e-01 6.8711e-01 8.8303e-01
1.9293e-01 6.0575e-01 1.0084e+00
3.9204e-02 4.7075e-01 6.7723e-01
2.6700e-01 3.3514e-01 1.0154e+00
3.5204e-01 3.8878e-01 1.0643e+00
6.3870e-01 1.4406e-01 8.8027e-01
4.3242e-01 4.0862e-01 1.0643e+00
8.2811e-02 4.4834e-01 7.2461e-01
1.5697e-01 9.3460e-01 5.3340e-01
1.9426e-01 7.8510e-02 1.0712e+00
2.4925e-01 6.7748e-01 7.9688e-01
3.7539e-01 6.9359e-01 5.2208e-01
4.9318e-01 5.7438e-01 8.6951e-01
2.5101e-01 4.4924e-01 1.4383e+00
6.2522e-02 4.1956e-02 9.9537e-01
4.9987e-01 7.5248e-02 1.0504e+00
8.7768e-02 2.9363e-01 6.6542e-01
3.3881e-01 5.2754e-01 3.0679e-01
8.8864e-03 4.7539e-02 7.5367e-01
3.8981e-01 3.8788e-01 4.9590e-01
6.0216e-02 4.3199e-01 1.0431e+00
1.9821e-01 2.4460e-05 4.3900e-01
6.5938e-01 2.3882e-01 5.2863e-01
6.4636e-01 3.1365e-01 6.9294e-01
3.2780e-01 6.2173e-01 3.3730e-01
5.7198e-01 6.6584e-01 8.0457e-01
3.3104e-01 9.2357e-02 5.2606e-01
5.3608e-01 2.2867e-01 7.6830e-01
7.1774e-01 2.3517e-01 9.8323e-01
5.8446e-01 3.7649e-01 4.0491e-01
5.4690e-01 2.6679e-01 6.2479e-01
3.3438e-01 8.6977e-01 9.4050e-01
2.2395e-02 3.5875e-01 8.3448e-01
3.3667e-01 6.8003e-01 7.6762e-01
2.7572e-01 3.2481e-01 6.5805e-01
7.8946e-02 4.2793e-02 6.6504e-01
8.8698e-01 1.8892e-01 7.5744e-01
3.2342e-01 5.2966e-02 1.1320e+00
3.7493e-01 9.5819e-02 8.8985e-01
3.3005e-01 6.9298e-01 8.5307e-01
5.9782e-01 4.8536e-01 7.0916e-01
8.2712e-01 1.9484e-01 1.8200e-01
5.2416e-01 4.0958e-01 1.1266e+00
5.1716e-01 5.2002e-01 5.3618e-01
3.0714e-01 2.4499e-01 4.2248e-01
8.5440e-02 2.8091e-01 1.0365e+00
4.6469e-01 7.4386e-02 4.6675e-01
6.9814e-02 6.1062e-01 9.7474e-01
6.7689e-02 4.9162e-01 6.0491e-01
1.9450e-01 5.0436e-02 8.3731e-01
1.4608e-01 5.4528e-01 8.9753e-01
6.5966e-01 3.0881e-01 7.3299e-01
3.0217e-01 7.0269e-01 3.5783e-01
5.4641e-01 4.4489e-01 8.1905e-01
2.7448e-01 4.0243e-01 9.9213e-01
6.3395e-01 1.8039e-01 6.4432e-01
6.0629e-01 4.3666e-01 5.4503e-01
2.0957e-01 6.7445e-01 9.7422e-01
1.7723e-01 4.7466e-01 3.8249e-01
2.4886e-01 9.5508e-02 9.2324e-01
1.5859e-01 2.1845e-01 7.1573e-01
4.7282e-01 2.7162e-01 6.9947e-01
5.7613e-01 3.0811e-01 1.3195e+00
3.1480e-02 7.3577e-01 9.6057e-01
4.9705e-02 1.0770e-01 1.3566e+00
3.2603e-01 4.5116e-01 5.3934e-01
nan nan nan
1.5319e-01 4.0100e-01 1.0949e+00
5.8583e-01 1.1675e-02 7.7381e-01
8.1545e-01 1.2744e-01 7.2401e-01
5.5475e-01 3.9780e-01 5.4224e-01
6.3589e-01 2.9805e-01 8.2590e-01
1.3486e-03 1.1422e-01 1.1702e+00
3.6846e-02 3.7526e-01 7.4336e-01
3.7617e-01 1.8953e-01 3.0911e-01
8.2342e-01 2.4614e-01 5.9495e-01
2.9660e-01 6.4758e-01 4.0233e-01
7.1847e-01 5.2926e-01 6.7433e-01
2.6425e-01 3.3377e-01 1.0768e+00
7.0027e-02 1.5374e-01 7.3937e-01
8.0588e-02 2.8738e-02 4.2929e-01
9.7886e-02 2.6690e-01 1.7147e+00
4.1507e-02 7.0074e-01 8.5237e-01
1.1670e-01 3.9581e-01 1.1909e+00
9.1916e-02 2.4153e-01 1.2886e+00
5.2129e-01 2.0235e-01 1.1114e+00
7.0497e-01 4.4281e-01 5.8805e-01
6.5054e-01 1.5273e-01 4.0313e-01
1.6499e-01 5.3295e-01 1.2652e+00
4.0017e-02 3.7321e-01 5.0886e-01
5.9629e-01 3.4891e-02 1.1795e+00
2.4191e-01 5.8489e-01 4.9755e-01
6.3725e-01 1.8219e-01 7.8454e-01
4.2761e-01 4.1899e-01 6.7490e-01
8.3993e-01 7.9687e-02 5.7128e-01
3.0878e-01 3.3006e-01 3.2438e-01
6.2690e-02 7.9191e-02 9.2155e-01
4.9684e-01 1.1248e-01 8.3834e-01
5.2716e-01 6.6248e-01 4.0008e-01
6.4351e-01 3.4477e-01 7.4293e-01
2.1708e-02 7.1418e-01 4.7281e-01
4.0205e-01 2.6936e-02 5.0418e-01
7.0176e-01 9.9200e-03 6.1259e-01
7.6600e-02 1.9094e-01 1.4278e+00
8.3487e-01 4.4349e-01 8.8104e-01
1.8369e-01 6.4295e-01 5.2192e-01
8.7175e-01 1.6469e-01 4.0254e-01
5.2780e-01 2.0878e-01 8.0232e-01
7.6818e-02 2.1991e-01 5.3579e-01
5.9628e-01 1.1774e-01 6.3026e-01
1.4811e-01 1.1248e-01 9.9227e-01
6.7269e-01 5.6002e-01 9.0122e-01
3.0463e-01 4.6025e-01 7.3373e-01
4.6750e-01 5.9553e-01 7.6150e-01
9.3772e-02 3.9995e-01 4.3737e-01
5.1906e-02 5.8241e-01 9.6852e-01
6.6460e-01 2.8651e-01 1.4433e+00
5.6185e-01 1.9618e-01 7.6115e-01
2.8855e-01 1.0043e-01 8.2547e-01
1.6199e-01 5.5642e-01 8.4965e-01
3.5878e-01 6.1684e-01 5.3577e-01
2.2972e-01 4.4257e-01 6.8289e-01
9.1380e-02 4.4291e-01 1.3025e+00
4.3618e-01 9.7798e-02 8.6712e-01
5.1004e-01 3.4754e-01 4.4942e-01
4.8793e-01 3.8666e-02 8.8397e-01
4.5873e-01 2.3148e-01 8.2341e-01
2.0756e-02 4.6303e-01 6.5629e-01
2.5942e-01 8.8207e-01 7.9014e-01
2.7981e-01 5.0149e-01 4.1487e-01
2.8990e-01 6.3587e-01 8.3053e-01
4.8126e-01 4.3663e-01 8.8861e-01
3.9858e-01 6.0113e-01 8.5728e-01
1.3227e-01 2.8891e-01 9.2883e-01
8.3619e-02 1.3705e-01 6.5323e-01
3.4000e-01 1.6599e-01 1.3698e+00
2.2958e-01 3.2625e-01 9.8773e-01
3.7585e-01 5.3517e-01 6.5048e-01
7.4599e-02 2.4297e-01 3.9035e-01
6.2307e-01 1.0716e-01 1.2308e+00
1.2376e-01 4.5969e-01 7.2357e-01
1.6986e-01 1.4475e-01 9.4214e-01
8.0152e-01 2.0494e-01 9.5624e-01
5.8507e-01 3.6901e-01 8.0555e-01
2.6164e-01 6.9740e-01 7.5637e-01
6.8388e-01 6.7079e-01 5.0212e-01
3.1788e-01 1.7991e-01 5.4372e-01
4.2096e-01 2.4150e-01 6.2461e-01
5.3228e-01 1.0371e-01 7.7649e-01
5.9526e-01 5.8535e-01 9.8393e-01
7.3296e-01 2.9809e-01 6.5005e-01
1.0641e-01 8.0362e-01 5.1084e-01
6.2920e-02 7.5566e-02 1.2873e+00
4.3710e-01 5.4127e-01 6.0441e-01
3.8798e-01 3.6700e-01 2.8854e-01
1.5192e-01 3.5677e-03 1.2505e+00
8.5316e-01 8.0163e-02 1.1117e+00
2.5248e-01 1.5708e-01 7.9259e-01
3.2691e-01 3.4227e-01 8.8300e-01
2.6622e-01 4.5332e-01 8.9511e-01
nan nan nan
7.8613e-01 7.2045e-02 3.7807e-01
6.2727e-01 1.7594e-01 9.4766e-01
3.5804e-01 7.7190e-01 4.0638e-01
3.1548e-01 3.0592e-01 3.0277e-01
2.7345e-02 2.2237e-01 9.5444e-01
5.8039e-01 5.1011e-02 5.5791e-01
3.7567e-02 5.6428e-01 8.0226e-01
1.2635e-01 4.5648e-01 1.1215e+00
1.3559e-01 9.8036e-02 9.6747e-01
2.0772e-01 4.5727e-01 9.2502e-01
5.1874e-01 1.7386e-01 1.0825e+00
2.3311e-01 6.8054e-01 5.0555e-01
5.8582e-01 3.0963e-01 7.7764e-01
3.0080e-01 4.3808e-01 1.2113e+00
6.5365e-01 3.2208e-01 8.1358e-01
5.8804e-01 4.0027e-01 5.2811e-01
1.6071e-01 8.8457e-01 7.4424e-01
2.1220e-01 3.3795e-01 5.0043e-01
2.9966e-01 2.9582e-01 4.3749e-01
1.7892e-01 2.6263e-02 7.7237e-01
4.4233e-01 2.9526e-01 8.6796e-01
6.8116e-01 1.6272e-01 6.2749e-01
5.3243e-02 8.3268e-01 1.3446e+00
6.3343e-02 7.6222e-02 1.3497e+00
3.5840e-01 5.9518e-01 6.4093e-01
9.7746e-01 4.0690e-01 1.1935e+00
2.1079e-01 2.7837e-01 7.6923e-01
7.0186e-01 3.8463e-02 6.6380e-01
7.5323e-01 7.1782e-02 4.4657e-01
5.0834e-01 1.4957e-01 8.5859e-01
7.0018e-01 1.1397e-01 1.4170e+00
1.0552e-02 2.2308e-01 6.7102e-01
2.8200e-02 3.8736e-01 6.3219e-01
3.5536e-01 9.9797e-02 5.6089e-01
7.0528e-02 2.5459e-01 1.0409e+00
1.0885e-01 5.8039e-01 1.2110e+00
nan nan nan
3.2798e-01 3.1429e-01 1.0284e+00
2.7272e-02 1.2295e-01 7.8601e-01
8.7427e-03 6.6014e-02 9.9559e-01
3.9431e-01 1.7135e-01 8.9093e-01
8.2566e-02 6.0932e-01 5.8129e-01
1.6810e-01 3.4526e-01 9.6389e-01
3.2831e-01 3.8888e-02 1.0209e+00
1.8651e-01 4.8767e-01 1.5985e+00
7.9709e-01 2.5481e-01 7.1580e-01
7.4986e-01 1.1589e-01 6.7419e-01
1.8100e-01 5.0965e-01 4.0861e-01
3.7279e-01 2.1327e-01 7.0039e-01
6.6415e-01 1.7741e-02 9.5820e-01
1.4793e-01 4.9783e-01 5.4928e-01
5.6393e-01 1.1216e-01 7.7554e-01
5.2158e-01 4.1623e-01 4.3376e-01
8.0618e-01 7.9347e-02 6.3017e-01
2.8546e-01 4.0372e-01 5.6301e-01
6.2042e-02 5.8287e-02 8.5010e-01
1.8908e-01 4.3199e-02 5.4866e-01
3.9723e-01 6.6299e-01 6.8332e-01
9.2621e-01 3.8538e-01 1.1177e+00
2.7553e-01 5.9791e-01 3.8280e-01
5.6592e-01 1.4485e-01 5.5600e-01
8.9955e-01 1.9586e-01 7.8380e-01
1.4712e-01 3.0268e-01 1.4166e+00
8.7928e-01 3.1332e-01 6.6732e-01
3.0589e-01 4.9413e-01 4.8956e-01
8.0508e-01 1.2659e-01 6.5829e-01
3.8931e-01 8.8917e-02 6.1887e-01
8.7266e-02 1.1030e-01 6.3621e-01
7.4534e-01 1.8082e-02 8.2306e-01
2.0959e-01 1.7120e-01 3.7246e-01
6.1985e-01 3.6378e-01 7.2939e-01
1.8404e-01 4.5692e-01 1.1735e+00
5.0297e-01 3.3829e-01 4.5389e-01
6.5300e-02 2.4223e-01 6.4129e-01
2.2052e-01 6.3417e-01 5.4246e-01
5.9699e-01 4.0538e-01 9.9245e-01
3.4693e-01 1.9914e-01 7.7869e-01
1.7455e-01 2.4642e-01 1.0994e+00
1.1119e-01 7.0246e-01 9.1092e-01
5.4854e-01 7.9506e-01 2.9002e-01
1.9348e-01 3.5313e-01 8.8330e-01
1.4746e-02 6.4593e-01 9.3334e-01
4.8455e-01 2.7658e-01 7.1392e-01
4.9392e-01 3.2510e-01 1.0035e+00
5.0634e-01 1.7303e-01 1.0126e+00
4.9294e-01 1.3894e-01 9.1559e-01
1.4131e-02 2.8115e-01 8.4439e-01
2.2173e-01 7.5084e-01 8.9143e-01
2.3400e-01 5.7309e-01 9.1468e-01
3.8739e-01 4.5391e-01 4.3860e-01
3.5290e-01 2.8750e-01 8.6700e-01
5.1030e-01 4.5964e-01 8.1741e-01
2.7289e-01 1.6558e-01 5.7522e-01
7.9290e-02 1.6532e-01 4.9184e-01
2.2898e-01 4.5251e-01 1.0963e+00
6.7708e-02 3.0743e-01 1.0279e+00
3.2025e-01 6.7337e-02 1.2770e+00
9.9975e-02 1.9711e-01 6.2904e-01
5.0597e-01 1.0911e-01 8.2984e-01
1.3976e-01 4.2912e-01 7.7337e-01
2.7986e-01 2.0787e-01 6.5905e-01
6.6393e-01 2.6092e-01 7.0531e-01
8.0105e-01 8.6971e-02 1.0889e+00
5.0762e-02 6.7998e-01 4.2690e-01
nan nan nan
1.2815e-01 8.6610e-02 4.4803e-01
3.3510e-01 2.2894e-01 7.6340e-01
4.3072e-01 1.0529e-01 4.4153e-01
4.1423e-01 6.7517e-01 1.0259e+00
8.3695e-01 1.8284e-01 6.4089e-01
1.9036e-01 7.3272e-01 8.5716e-01
nan nan nan
8.7649e-01 3.5608e-01 5.6888e-01
3.0023e-01 4.2907e-01 6.1110e-01
1.4858e-01 1.0357e-01 9.2025e-01
2.8462e-01 8.5421e-02 1.1287e+00
2.4525e-01 6.6572e-02 8.0760e-01
4.8216e-01 5.8722e-02 9.5928e-01
4.1303e-01 2.5512e-01 7.2014e-01
6.0177e-01 4.1109e-01 9.4723e-01
7.6564e-01 8.3128e-02 4.6815e-01
8.3899e-01 1.3645e-02 4.8117e-01
2.6535e-01 7.2687e-01 5.5469e-01
3.0580e-01 1.5186e-01 7.5621e-01
2.5923e-03 5.2933e-01 1.3442e+00
5.5186e-01 1.4531e-01 9.5924e-01
1.5772e-01 5.6890e-01 7.3033e-01
1.2573e-01 4.2618e-01 1.0078e+00
2.2240e-01 3.1076e-01 1.2750e+00
3.4347e-01 3.2130e-01 9.7264e-01
3.0728e-01 9.2087e-02 1.0143e+00
2.2688e-01 6.2532e-01 3.9193e-01
6.7109e-01 3.2470e-01 7.2449e-01
3.3909e-01 6.0742e-01 8.6452e-01
6.3183e-01 3.3412e-01 4.5527e-01
4.3869e-01 3.8033e-01 1.0874e+00
1.7786e-01 6.6986e-01 8.0573e-01
7.2890e-02 3.9486e-01 8.2950e-01
2.3482e-01 2.4572e-01 1.0391e+00
3.2205e-01 4.8884e-02 1.5586e-01
3.7816e-01 1.2157e-01 1.0506e+00
6.9395e-01 1.4097e-01 7.1217e-01
1.8783e-01 5.7224e-01 1.1227e+00
1.0908e-01 1.2995e-01 9.2154e-01
3.4352e-01 7.4592e-01 7.1130e-01
3.0691e-01 5.0955e-01 5.1387e-01
1.7797e-01 1.8227e-01 2.9179e-01
8.3906e-01 1.2112e-01 5.2692e-01
7.2208e-01 2.9587e-01 5.9419e-01
4.1201e-01 1.4980e-01 1.1657e+00
8.1471e-01 1.0328e-01 1.1859e+00
1.8915e-01 1.0765e-01 1.2011e+00
1.2470e-01 5.6860e-01 3.9521e-01
3.1889e-01 1.1252e-01 1.0386e+00
8.1849e-01 4.9139e-02 1.0069e+00
1.7619e-01 5.4284e-01 1.2558e+00
8.6578e-01 3.7682e-01 9.6124e-01
3.0711e-01 1.6600e-01 8.2364e-01
5.1070e-03 1.3665e-01 4.5937e-01
7.5028e-02 1.5455e-01 4.7072e-01
5.5490e-01 2.6657e-02 4.1176e-01
3.0962e-01 3.3159e-01 1.1548e+00
2.8636e-01 4.7623e-01 1.0765e+00
3.1653e-01 3.1808e-02 9.5278e-01
3.6693e-01 3.0344e-01 6.7198e-01
4.7976e-01 3.6267e-01 1.0668e+00
8.4051e-01 2.6212e-01 1.0245e+00
4.3392e-01 3.9377e-01 5.4093e-01
8.1916e-01 1.6583e-01 8.0220e-01
6.9335e-01 2.0246e-01 7.5836e-01
7.9574e-02 2.8805e-01 1.0657e+00
4.4731e-01 3.2661e-02 1.2873e+00
6.4861e-01 1.7718e-01 4.3112e-01
7.3853e-01 9.1406e-02 1.0145e+00
2.8192e-01 4.6770e-01 8.0705e-01
8.2703e-01 3.8537e-02 3.4688e-01
2.6549e-01 2.2752e-01 7.4701e-01
4.5113e-01 5.7386e-01 9.5669e-01
9.3014e-01 3.6786e-01 6.2938e-01
5.5847e-03 5.2943e-01 4.7487e-01
6.7356e-01 3.0975e-01 6.7734e-01
8.4845e-01 3.2387e-01 6.6742e-01
1.2142e-01 1.8210e-01 1.3753e+00
9.1117e-01 2.6470e-01 8.7554e-01
2.7254e-01 4.7928e-01 5.7485e-01
6.3768e-01 2.1568e-01 5.3897e-01
4.5445e-01 2.9406e-02 4.7562e-01
1.0022e-01 1.9208e-01 5.4890e-01
5.0272e-01 5.1303e-02 8.1844e-01
1.4885e-01 1.3010e-01 9.4043e-01
4.0461e-01 4.5012e-01 9.5558e-01
1.1801e-01 3.4525e-01 1.0386e+00
5.1847e-01 3.1157e-01 9.0844e-01
1.5548e-02 6.9114e-03 6.6595e-01
4.6368e-01 4.3704e-01 5.7982e-01
6.5690e-01 3.8381e-01 9.0041e-01
3.9310e-01 7.3900e-02 6.6216e-01
2.8978e-01 3.1079e-01 6.6597e-01
1.5566e-01 7.8239e-01 9.1403e-01
6.0816e-01 3.7585e-01 9.2916e-01
2.0989e-01 5.0922e-01 8.2336e-01
1.5312e-01 4.4225e-01 7.1669e-01
5.1041e-01 2.7432e-01 2.8399e-01
4.4694e-01 5.1258e-01 6.2316e-01
5.3918e-01 1.6470e-01 6.4923e-01
4.5514e-01 1.5594e-01 7.6361e-01
4.9822e-02 4.8309e-01 8.9477e-01
1.1063e-01 6.0791e-01 5.7783e-01
4.1234e-01 5.5942e-01 9.2026e-01
3.1080e-01 4.8052e-01 5.8097e-01
4.6100e-01 4.1963e-01 1.1794e+00
3.7343e-01 6.2780e-01 6.9558e-01
1.7663e-01 2.7324e-01 4.8155e-01
5.1912e-02 1.3160e-01 7.0193e-01
1.3299e-01 1.7283e-01 9.5349e-01
1.3817e-01 3.4135e-01 7.2339e-01
4.4141e-01 2.3567e-01 7.2273e-01
1.3960e-02 6.7967e-02 1.0265e+00
7.9181e-01 4.2390e-01 7.3610e-01
9.8733e-02 3.8659e-01 5.0425e-01
2.1532e-01 2.4809e-01 7.0892e-01
6.7102e-01 2.7374e-01 5.1567e-01
8.2169e-01 1.5935e-01 8.7342e-01
2.1850e-01 6.8622e-01 2.0772e-01
5.5674e-01 7.2538e-01 8.7687e-01
1.1942e-01 2.2705e-01 4.9919e-01
4.3975e-01 2.1708e-01 9.8847e-01
3.5168e-01 2.4294e-02 6.3812e-01
4.0624e-01 7.6413e-01 6.9100e-01
5.6921e-01 7.5601e-03 9.8508e-01
2.2207e-01 7.9522e-01 1.0622e+00
4.5013e-01 2.7043e-01 7.3578e-01
8.0734e-01 3.4575e-01 6.0661e-01
1.6842e-01 5.8240e-01 4.0501e-01
2.3453e-01 2.7980e-01 9.7648e-01
7.6425e-01 6.0939e-02 9.5491e-01
1.9437e-01 2.3144e-02 1.0419e+00
5.5172e-01 8.6582e-02 9.6477e-01
4.8495e-01 1.2534e-01 1.6137e+00
7.6336e-01 4.5786e-01 9.8889e-01
7.1362e-01 2.2269e-01 4.8020e-01
7.8042e-01 3.9529e-03 1.1118e+00
3.8776e-01 6.3473e-01 4.9606e-01
1.3152e-01 2.8734e-02 9.2897e-01
1.4557e-01 2.2998e-01 1.1890e+00
6.7645e-01 1.6855e-01 1.0480e+00
3.7253e-02 6.7618e-01 7.3918e-01
2.9453e-01 6.6995e-01 8.2400e-01
1.9772e-01 2.6771e-01 1.1350e+00
3.1607e-01 3.6103e-01 8.3966e-01
1.3903e-01 3.8257e-02 7.4882e-01
4.2586e-02 6.1788e-01 1.0177e+00
7.4677e-01 3.1784e-01 8.5739e-01
2.7023e-01 7.6280e-01 5.1799e-01
7.8400e-01 2.1819e-01 6.0752e-01
5.6859e-01 2.6092e-01 8.0669e-01
2.5134e-01 7.1090e-01 7.8984e-01
2.9570e-01 4.9605e-01 8.2695e-01
2.8844e-01 3.2030e-01 9.7361e-01
4.0215e-01 1.3060e-02 4.5047e-01
3.5936e-01 2.2917e-03 1.0754e+00
6.4974e-01 1.2573e-01 5.1433e-01
3.2153e-01 7.1022e-01 1.2773e+00
1.6190e-01 2.1397e-01 1.0113e+00
4.4067e-01 8.5318e-01 1.0509e+00
8.3551e-01 5.7887e-01 6.7038e-01
5.0397e-02 1.2940e-01 6.3274e-01
4.7363e-01 1.1382e-01 8.6581e-01
7.4822e-01 1.2762e-01 9.0920e-01
2.9019e-01 4.3519e-03 1.0036e+00
8.7418e-01 8.8908e-03 9.4660e-01
1.1835e-01 2.4948e-01 7.0464e-01
1.1959e-04 3.8797e-01 7.0310e-01
4.6254e-01 1.5108e-01 9.0027e-01
8.7330e-01 2.2818e-01 3.6205e-01
1.7222e-01 4.1232e-01 1.0474e+00
nan nan nan
3.9551e-01 2.6916e-02 9.2814e-01
2.3335e-02 3.7850e-01 4.7272e-01
8.1010e-02 1.9148e-01 9.9654e-01
7.0900e-01 6.3286e-02 1.1482e+00
5.1264e-01 2.8853e-01 1.0184e+00
2.0129e-01 5.2642e-01 3.4964e-01
4.4893e-01 2.8393e-02 1.2522e+00
3.9895e-01 2.5679e-01 6.8064e-01
7.0516e-01 1.9451e-01 7.5607e-01
6.3594e-01 8.5297e-02 7.8458e-01
1.7754e-01 6.3487e-01 6.0962e-01
8.7002e-01 2.8081e-01 1.0492e+00
4.6197e-01 2.2390e-01 7.6630e-01
2.1542e-01 4.7491e-01 3.0692e-01
4.4239e-01 1.3240e-01 1.1029e+00
6.1351e-01 2.6964e-01 6.7339e-01
6.9212e-01 1.9757e-01 1.1860e+00
3.1479e-02 5.7013e-01 9.8520e-01
8.7658e-01 2.8073e-03 1.0928e+00
3.1687e-01 2.4728e-01 9.8982e-01
5.0753e-01 5.5013e-01 9.9951e-01
6.5286e-01 2.2433e-01 1.2527e+00
2.0560e-02 5.0077e-01 9.3017e-01
5.9553e-01 3.2558e-01 1.1583e+00
nan nan nan
1.4518e-01 1.5018e-01 1.2440e+00
8.6799e-01 2.8267e-01 6.0587e-01
3.4386e-01 2.8447e-01 5.0638e-01
4.6842e-01 1.3987e-02 1.0570e+00
4.9153e-01 4.8794e-02 5.1530e-01
1.5553e-01 5.0727e-01 5.7276e-01
5.0499e-01 9.8735e-02 1.1058e+00
1.1698e-01 6.4773e-02 9.9798e-01
4.9339e-01 4.2992e-01 6.2867e-01
3.0460e-01 3.0026e-01 1.0505e+00
5.0739e-01 3.3204e-01 4.2585e-01
2.1432e-01 3.0993e-02 1.2202e+00
4.1307e-01 4.6894e-01 8.6466e-01
4.7561e-01 2.9004e-01 7.0912e-01
4.8036e-01 2.6053e-01 9.2609e-01
3.5251e-01 3.6729e-01 4.4693e-01
nan nan nan
4.5086e-01 4.8554e-01 1.1459e+00
2.3677e-01 5.0563e-01 9.5948e-01
2.3383e-01 3.9018e-01 1.2977e+00
6.0900e-01 5.0850e-03 1.0327e+00
3.2280e-01 6.2858e-01 6.5663e-01
5.0590e-01 3.6377e-01 5.2312e-01
5.7263e-01 2.8208e-01 8.5178e-01
9.2405e-02 4.4123e-01 4.0926e-01
3.1246e-01 6.4278e-01 1.0784e+00
4.4151e-01 5.6110e-01 6.5397e-01
5.2813e-01 3.2077e-01 6.8494e-01
3.5811e-01 3.8482e-01 1.0434e+00
2.7372e-01 8.7948e-01 1.1287e+00
1.9571e-01 2.0490e-01 4.7725e-01
1.5829e-01 3.8635e-01 1.0280e+00
1.1718e-01 2.9399e-02 9.2061e-01
4.1511e-02 3.5196e-01 9.1435e-01
4.6801e-01 4.1717e-01 6.2614e-01
2.1265e-02 5.8007e-02 1.0056e+00
8.0417e-01 4.4332e-01 9.3535e-01
1.8562e-01 4.4082e-01 1.0104e+00
1.1529e-01 2.6768e-01 1.3463e+00
4.9886e-01 3.0856e-01 1.2052e+00
8.6820e-01 8.7800e-02 5.5864e-01
2.7913e-01 6.5795e-01 6.0641e-01
4.7369e-01 7.3295e-01 1.0365e+00
2.1181e-01 1.4062e-01 8.3037e-01
4.6177e-01 8.3182e-02 3.6154e-01
2.9451e-01 1.8347e-01 1.3735e+00
3.9187e-01 8.2031e-01 7.6482e-01
8.8559e-01 2.0488e-01 6.0252e-01
3.3540e-01 6.5227e-01 5.1867e-01
3.9310e-01 4.6488e-01 7.8802e-01
5.7493e-01 3.7275e-01 1.0405e+00
2.7637e-01 7.4747e-01 9.1067e-01
3.1622e-01 2.4135e-01 9.0018e-01
3.4512e-01 6.1044e-02 5.2788e-01
2.7941e-01 1.0673e-01 1.0884e+00
5.6382e-01 8.4657e-02 4.9617e-01
4.8034e-01 3.2967e-02 9.8336e-01
7.9047e-01 3.8874e-01 7.9649e-01
6.2207e-01 2.7245e-01 7.6627e-01
8.4798e-01 1.8386e-02 8.0384e-01
4.9153e-01 7.1474e-01 5.1490e-01
6.1271e-02 2.4059e-01 5.8820e-01
4.1003e-03 1.4545e-01 8.8932e-01
8.0531e-01 7.0702e-02 4.9473e-01
8.2127e-02 6.3372e-01 6.1967e-01
2.1269e-01 3.2925e-01 1.0496e+00
1.4964e-01 3.3031e-01 7.2555e-01
3.1783e-01 4.4809e-01 6.1369e-01
1.8063e-01 1.6032e-02 6.6386e-01
4.2807e-04 3.9052e-01 1.0444e+00
6.5507e-01 3.5954e-01 9.4999e-01
3.3478e-01 6.1567e-01 9.5167e-01
3.7347e-01 2.2748e-01 1.2653e+00
4.8537e-01 2.9190e-01 3.6479e-01
2.3402e-01 6.3876e-01 5.7739e-01
2.5638e-01 3.3254e-01 8.9109e-01
2.9291e-01 1.4825e-01 1.3372e+00
3.7329e-01 2.3284e-01 4.7557e-01
3.6447e-01 9.6122e-02 5.6924e-01
8.5140e-01 4.0998e-02 6.9966e-01
6.9326e-02 6.5890e-01 8.5635e-01
1.8120e-01 3.5193e-01 1.0414e+00
3.3402e-01 8.2241e-01 4.5843e-01
5.1616e-01 3.7377e-01 3.0545e-01
1.3443e-01 4.5683e-01 4.0774e-01
6.6634e-01 2.6802e-02 7.8837e-01
8.3579e-01 3.1574e-02 5.6483e-01
1.5736e-01 1.4778e-01 8.6652e-01
7.4115e-01 2.7086e-02 8.0041e-01
2.8325e-01 1.5199e-01 7.5725e-01
1.0504e-02 3.2725e-01 6.4485e-01
3.5405e-01 1.6237e-02 6.0635e-01
2.1577e-01 8.8366e-02 7.8074e-01
3.4518e-02 4.9640e-01 5.6322e-01
6.8006e-01 3.3281e-01 5.5928e-01
3.6186e-01 2.0359e-02 1.1028e+00
4.7574e-02 2.0545e-01 7.5092e-01
3.6858e-02 9.8944e-02 7.7858e-01
7.2026e-01 6.7441e-03 7.8511e-01
5.9043e-01 1.6153e-01 5.6573e-01
nan nan nan
3.9145e-01 1.0104e-01 1.0931e+00
4.7687e-01 1.4942e-01 1.2725e+00
5.7954e-01 1.7959e-01 9.6406e-01
6.6175e-01 1.4901e-02 1.4615e+00
1.3581e-01 5.1224e-01 5.1608e-01
5.1004e-01 1.0647e-01 1.0868e+00
8.8647e-01 2.4737e-01 4.0749e-01
2.9034e-01 4.4217e-01 7.5297e-01
5.5542e-01 5.7043e-02 6.1704e-01
4.7906e-01 4.5181e-01 3.7667e-01
7.1200e-01 1.7301e-01 1.0219e+00
9.4401e-02 4.4080e-01 8.4986e-01
8.3469e-01 1.4355e-01 5.9648e-01
1.6093e-01 4.3958e-01 9.9003e-01
4.1223e-01 2.1268e-01 5.0199e-01
4.0733e-01 4.8534e-01 4.9796e-01
3.4499e-02 5.1390e-01 1.3862e+00
4.0913e-01 2.9360e-01 8.8442e-01
8.9005e-01 3.2695e-01 3.7455e-01
2.9514e-01 5.3987e-02 1.3638e+00
8.0092e-01 8.8794e-02 7.4038e-01
4.2000e-01 5.0401e-02 7.5632e-01
7.3666e-01 7.5387e-02 1.3597e+00
5.3666e-01 1.4336e-01 5.3993e-01
1.2124e-02 2.6732e-01 8.9010e-01
4.7885e-01 6.3027e-02 5.8976e-01
1.6382e-01 2.7302e-02 9.9070e-01
4.5193e-01 3.6162e-01 6.7396e-01
5.0998e-01 4.2618e-02 1.2866e+00
6.1623e-01 3.0794e-01 2.6250e-01
1.9267e-01 1.6425e-01 1.2975e+00
4.3086e-01 2.9854e-01 5.9087e-01
2.7729e-01 1.1580e-01 8.4895e-01
4.4830e-01 2.0877e-01 1.0241e+00
2.3141e-01 4.0700e-01 3.5558e-01
2.6464e-01 6.9772e-01 9.2835e-01
3.7030e-01 3.6767e-01 1.2394e+00
2.6913e-01 6.6622e-01 4.4967e-01
2.4541e-01 4.0302e-01 5.9906e-01
6.0209e-01 2.3154e-02 7.2423e-01
3.6438e-01 5.1902e-01 4.7890e-01
1.3420e-01 2.8787e-01 1.3090e+00
4.8885e-01 9.7551e-02 9.5365e-01
7.4576e-02 4.5670e-01 9.5501e-01
8.7046e-02 4.9019e-01 9.5784e-01
3.5680e-01 5.0922e-01 1.0304e+00
3.2635e-01 2.2622e-01 1.0234e+00
2.9136e-01 2.2811e-01 7.9728e-01
3.2376e-01 5.5865e-01 9.9321e-01
1.2081e-01 2.3063e-01 5.3093e-01
8.3730e-02 5.1427e-01 1.0343e+00
2.0500e-01 1.2789e-01 1.3726e+00
1.2628e-01 2.1336e-01 8.0247e-01
6.8182e-01 9.7731e-02 8.2888e-01
8.6135e-02 1.1838e-01 1.0533e+00
7.5954e-01 1.6738e-01 1.1368e+00
8.6559e-02 3.5754e-01 4.2185e-01
2.3114e-01 1.8527e-01 9.6831e-01
6.9634e-01 1.6514e-01 8.3056e-01
6.8117e-01 1.9711e-01 5.4577e-01
2.0546e-01 5.4433e-01 8.3465e-01
4.4834e-01 7.3580e-01 9.9000e-01
2.9254e-01 7.9779e-02 2.8086e-01
2.2118e-01 1.0662e-01 4.2261e-01
4.7900e-01 2.6549e-01 9.0520e-01
5.4437e-01 5.8648e-01 7.0535e-01
3.1142e-01 2.2568e-01 4.4916e-01
2.9737e-01 8.7937e-01 4.3073e-01
3.4077e-01 4.6728e-01 5.2934e-01
5.6434e-01 2.2053e-01 8.8014e-01
4.2381e-01 6.0480e-01 9.3450e-01
2.3383e-01 1.3346e-01 6.6930e-01
3.4881e-01 2.8762e-01 7.4107e-01
9.0266e-02 4.8855e-02 4.8252e-01
5.1352e-01 2.3259e-01 6.0580e-01
6.9748e-01 4.5289e-02 5.2643e-01
6.3737e-01 4.2859e-01 7.2346e-01
5.9644e-01 3.9044e-01 9.1031e-01
6.9523e-01 4.1091e-02 7.1823e-01
1.8350e-01 7.0798e-01 9.8603e-01
2.7820e-02 2.3854e-01 4.7592e-01
9.2253e-02 1.1042e-01 1.1105e+00
5.2079e-01 6.2128e-02 6.2494e-01
1.5047e-01 5.4461e-01 3.7930e-01
1.7917e-01 1.9079e-01 1.3145e+00
2.4416e-01 5.2177e-02 1.0921e+00
2.8920e-01 2.6175e-01 6.6025e-01
1.4591e-01 1.0741e-02 4.5633e-01
1.6144e-01 2.5104e-01 5.7557e-01
4.9009e-01 2.9993e-01 1.2054e+00
3.7045e-01 5.2210e-01 1.0128e+00
nan nan nan
3.9125e-01 2.8378e-01 4.6398e-01
8.8710e-02 3.5971e-01 8.8170e-01
2.6326e-01 2.5077e-01 7.4873e-01
6.4112e-02 5.0010e-02 2.7396e-01
5.3094e-01 1.6943e-01 4.9376e-01
3.6832e-01 2.3416e-01 1.1037e+00
8.3173e-01 7.0950e-02 1.1300e+00
1.6922e-01 5.2932e-01 9.6523e-01
1.4624e-01 3.3220e-01 7.2657e-01
3.3461e-01 7.4385e-01 1.0786e+00
1.5125e-01 2.4092e-01 4.3139e-01
3.6965e-01 4.7192e-01 5.3260e-01
7.1110e-01 4.8137e-02 7.3275e-01
6.7907e-01 1.3622e-01 6.1879e-01
1.1131e-01 3.4499e-02 9.5735e-01
8.1037e-01 1.5525e-01 7.1044e-01
4.8004e-01 3.0039e-01 1.3364e+00
9.1126e-02 4.0136e-01 9.3177e-01
3.3470e-01 3.4052e-02 6.5645e-01
4.4943e-01 7.8305e-02 9.0170e-01
1.6383e-01 6.5204e-01 2.5417e-01
7.3800e-01 3.3966e-01 6.4121e-01
4.0891e-01 3.2710e-01 8.2137e-01
1.3407e-01 1.4331e-01 6.9913e-01
9.0516e-02 1.4442e-01 9.0735e-01
7.8568e-01 1.7170e-01 9.2061e-01
5.8262e-01 1.7216e-01 4.6622e-01
nan nan nan
2.4553e-01 9.1965e-02 9.5959e-01
5.6003e-01 2.2720e-01 1.1943e+00
4.4262e-01 3.7772e-01 6.5049e-01
4.9939e-01 1.7908e-01 1.0908e+00
1.2961e-01 6.1364e-01 8.0865e-01
7.8311e-01 7.0445e-02 6.2671e-01
6.7028e-01 2.2023e-01 4.1226e-01
2.9117e-01 6.0860e-01 6.5725e-01
6.8624e-01 4.9128e-02 7.6536e-01
5.2868e-01 5.8514e-01 6.6086e-01
7.0945e-01 1.1616e-01 7.7347e-01
1.2655e-01 2.6957e-01 9.4655e-01
9.0970e-01 4.5829e-02 4.9027e-01
1.5246e-01 5.0396e-01 7.6873e-01
4.0109e-01 3.7257e-01 7.8301e-01
4.2239e-01 4.4914e-01 2.4259e-01
4.7887e-02 4.7092e-01 4.1066e-01
3.4972e-01 3.7096e-01 6.8960e-01
9.3042e-01 2.5065e-01 9.0511e-01
2.6100e-01 3.7004e-01 1.0780e+00
8.0327e-01 1.8948e-01 6.4653e-01
4.2469e-01 1.9551e-01 3.5111e-01
7.1163e-01 4.9775e-02 1.3287e+00
5.0637e-01 2.0839e-02 3.3235e-01
7.3224e-02 5.1458e-02 8.7228e-01
3.1834e-01 1.9553e-01 7.7521e-01
2.3588e-01 4.4278e-02 9.1308e-01
3.6680e-01 4.6598e-01 7.8201e-01
6.4055e-01 1.6024e-01 8.2606e-01
3.6196e-01 4.2360e-02 9.3815e-01
4.9271e-02 9.6116e-02 8.7483e-01
2.9426e-01 3.3987e-01 9.8344e-01
3.2766e-01 1.7790e-01 4.4197e-01
3.4884e-01 3.5680e-01 8.3773e-01
2.1664e-01 3.7416e-01 6.7413e-01
3.9439e-01 1.0527e+00 5.8595e-01
1.8368e-01 4.7851e-01 1.0530e+00
3.1129e-01 4.9972e-01 4.5736e-01
8.8519e-02 6.6859e-01 9.0123e-01
4.7064e-01 2.9639e-02 6.7417e-01
4.4530e-01 6.1178e-01 8.5141e-01
2.0344e-01 3.0393e-01 8.2561e-01
4.4940e-01 3.3717e-02 1.2343e+00
2.6619e-01 6.3271e-01 8.4663e-01
2.2867e-01 6.4452e-01 1.0066e+00
6.0164e-01 2.9277e-01 8.0615e-01
5.0099e-01 5.8197e-02 1.3236e+00
5.8830e-01 1.3018e-01 9.7942e-01
3.5228e-01 6.6355e-01 8.2258e-01
2.2793e-01 2.1510e-01 8.3461e-01
3.7368e-02 6.2639e-01 6.3010e-01
3.7160e-01 2.1407e-01 9.1741e-01
2.0832e-02 3.4058e-01 9.5190e-01
8.4568e-01 1.7972e-01 7.5360e-01
8.8580e-02 2.8471e-01 9.7402e-01
3.8945e-01 1.9616e-01 1.5321e+00
4.9031e-03 4.5112e-01 4.3518e-01
2.4321e-01 1.0308e-01 5.2550e-01
7.5699e-01 2.2026e-01 8.5321e-01
6.7418e-01 1.7827e-02 1.1692e+00
1.3248e-01 4.0988e-01 1.0253e+00
4.1100e-01 5.1373e-01 5.6557e-01
6.3925e-01 7.4292e-02 2.3961e-01
1.8504e-01 1.9253e-01 7.5656e-01
4.2285e-01 1.3594e-01 8.0452e-01
5.1508e-01 4.2567e-01 8.3933e-01
8.2358e-01 2.1797e-01 7.1685e-01
3.9391e-01 7.6971e-01 4.9612e-01
1.9406e-01 5.1685e-01 5.8687e-01
4.8890e-01 3.1302e-01 8.4913e-01
4.6106e-01 5.6944e-01 1.3279e+00
2.8458e-01 2.9001e-01 9.9908e-01
8.4350e-01 3.0542e-01 8.5919e-01
7.7443e-02 1.5207e-01 7.6823e-01
4.8221e-01 1.9649e-01 1.2215e+00
6.5384e-01 1.6153e-01 9.2285e-01
8.1966e-01 2.6672e-01 4.7506e-01
3.1390e-01 4.3889e-01 5.9774e-01
8.4253e-01 1.5856e-02 5.4590e-01
2.6333e-01 7.5189e-01 9.2699e-01
1.0303e-01 1.5281e-01 5.2356e-01
1.9197e-01 3.0090e-01 8.4289e-01
1.7447e-01 1.4717e-01 4.7239e-01
nan nan nan
3.0966e-02 1.8162e-01 2.7211e-01
8.3706e-03 3.4209e-02 1.2426e+00
2.6172e-01 3.4070e-01 8.3577e-01
3.4067e-01 6.3381e-02 4.5028e-01
1.2039e-01 3.0895e-01 5.5822e-01
4.4977e-01 5.3558e-02 1.1493e+00
3.1747e-01 6.1773e-01 1.0713e+00
nan nan nan
3.1644e-01 2.1052e-01 6.1365e-01
2.1146e-01 3.9776e-01 1.1168e+00
3.0089e-01 2.7803e-01 8.3178e-01
3.8455e-02 1.0638e-01 9.0478e-01
5.2733e-01 4.5795e-01 6.8124e-01
1.3993e-01 2.5664e-01 1.2723e+00
5.5413e-01 1.9651e-02 1.1369e+00
2.5167e-01 5.8592e-01 1.0915e+00
2.1572e-01 3.7218e-01 9.5537e-01
5.0844e-01 8.6452e-01 7.5051e-01
9.0626e-01 3.8898e-01 8.4108e-01
4.0403e-01 1.2288e-01 5.0407e-01
5.2061e-01 3.6712e-01 1.0303e+00
7.6292e-01 2.2186e-03 5.4682e-01
2.9363e-01 2.2765e-02 8.2629e-01
8.2309e-01 4.0990e-02 8.4094e-01
7.3981e-01 2.6713e-01 9.7486e-01
2.8986e-02 2.2117e-01 1.0163e+00
3.0905e-01 1.3831e-01 6.4597e-01
8.5416e-01 3.5247e-02 3.3915e-01
1.0383e-01 6.9902e-01 1.9273e-01
6.3504e-01 1.0377e-01 6.5832e-01
4.7549e-01 3.9090e-01 1.0929e+00
1.2702e-01 2.1838e-01 1.1777e+00
3.0625e-02 1.0792e-02 1.1205e+00
7.6062e-01 8.4267e-02 1.0500e+00
5.1615e-01 1.9885e-01 5.6479e-01
7.0127e-01 3.1736e-02 1.5193e+00
2.1726e-01 2.1550e-01 1.0802e+00
5.7715e-01 2.3127e-02 5.3126e-01
3.8440e-01 5.1709e-01 6.4703e-01
5.6724e-01 2.0839e-01 1.0209e+00
8.7599e-02 5.3602e-01 1.1559e+00
8.6577e-01 3.7794e-01 4.1548e-01
8.4703e-01 1.2148e-01 1.0526e+00
1.2399e-01 3.1521e-01 9.4764e-01
7.3291e-01 7.8609e-02 1.0492e+00
5.4774e-01 4.3181e-01 5.5532e-01
5.8878e-01 1.2944e-01 3.9570e-01
6.9020e-02 3.8808e-01 8.4762e-01
1.3517e-01 5.3193e-02 8.5535e-01
1.3250e-01 5.9847e-01 8.5504e-01
7.0933e-01 2.6423e-01 1.0513e+00
3.8895e-01 3.1166e-01 1.2984e+00
5.1140e-02 6.3441e-01 5.4137e-01
2.6675e-01 1.9004e-01 6.7886e-01
7.4063e-01 3.6220e-01 6.4540e-01
3.4070e-01 2.9419e-01 1.2385e+00
7.8625e-01 1.9643e-01 6.6351e-01
3.9343e-01 1.6213e-01 7.5390e-01
7.0874e-01 3.1866e-02 8.1223e-01
5.3529e-01 3.0689e-01 5.2079e-01
2.0639e-01 1.4375e-01 1.1793e+00
4.0425e-01 4.4719e-01 7.5479e-01
1.1570e-01 1.0909e-01 9.3503e-01
3.6259e-01 4.5026e-01 1.4450e+00
5.1605e-01 1.0735e-01 8.5001e-01
1.8737e-01 3.6764e-01 1.1560e+00
1.7046e-01 1.3668e-01 1.1724e+00
3.6396e-01 3.7771e-01 1.3568e+00
5.5414e-01 2.6523e-01 3.4454e-01
4.6570e-01 4.2451e-01 5.6551e-01
3.4546e-01 3.7514e-01 8.6755e-01
5.7862e-01 7.7231e-01 9.0962e-01
2.2471e-01 7.3844e-01 7.4204e-01
3.0538e-01 2.9284e-01 7.3103e-01
2.4506e-01 5.2883e-01 1.1241e+00
4.2691e-01 9.0777e-02 9.9475e-01
4.9455e-01 5.4958e-01 5.6474e-01
3.1659e-01 2.0952e-01 1.0374e+00
5.3946e-01 1.0897e-01 1.1055e+00
3.1682e-01 6.5443e-01 8.0671e-01
2.7980e-01 5.6236e-01 3.1492e-01
5.6544e-01 1.4710e-01 6.7907e-01
5.6925e-01 7.7563e-02 1.5892e+00
7.3343e-01 3.9263e-01 5.5574e-01
2.7014e-01 8.3990e-01 1.3369e+00
2.5102e-01 1.2783e-01 1.3427e+00
1.1281e-01 4.8377e-01 1.1038e+00
3.3099e-01 1.8364e-01 1.2535e+00
1.3564e-01 4.7468e-02 1.0489e+00
8.2764e-01 4.9741e-02 7.5141e-01
6.5292e-02 2.2550e-01 5.7095e-01
3.8174e-01 3.0633e-02 1.6646e+00
4.4382e-02 5.3036e-01 5.0138e-01
7.6474e-02 4.8152e-01 9.2480e-01
8.1845e-01 3.8226e-01 5.9957e-01
7.4827e-01 1.3030e-01 1.2196e+00
1.6531e-03 4.3219e-01 1.2843e+00
4.8060e-01 1.2154e-01 9.7247e-01
3.9511e-01 1.4423e-01 7.7538e-01
9.6031e-02 2.9909e-01 7.2878e-01
5.4804e-01 2.6335e-01 1.2670e+00
4.5677e-01 6.5604e-01 6.5889e-01
8.2547e-01 1.7247e-01 1.0835e+00
3.2910e-01 9.3112e-01 1.1052e+00
1.0255e-01 3.8918e-01 9.9110e-01
5.0509e-01 2.4866e-01 1.1378e+00
3.3748e-01 5.4660e-01 1.0250e+00
4.1889e-01 2.4236e-01 9.2722e-01
9.2502e-01 1.6764e-01 8.3883e-01
8.0768e-02 1.4330e-02 6.1211e-01
2.8763e-01 2.2797e-01 6.2580e-01
6.4045e-01 1.4437e-01 1.3069e+00
7.8742e-01 1.2131e-01 1.1127e+00
3.3648e-01 3.5296e-01 3.4073e-01
7.4726e-01 1.0382e-01 8.2361e-01
4.9253e-01 4.7359e-01 7.7054e-01
1.3551e-01 2.5326e-01 1.1307e+00
1.6103e-01 1.9703e-01 1.2269e+00
6.9195e-01 3.0248e-02 7.3334e-01
4.6907e-02 5.6253e-01 8.7003e-01
1.7641e-01 5.0039e-02 1.2965e+00
1.0229e-01 4.3581e-02 6.5979e-01
3.4930e-01 1.5452e-01 7.8669e-01
2.3255e-01 6.4069e-02 6.0371e-01
1.4254e-01 4.1108e-01 6.8710e-01
4.5726e-01 2.4958e-01 9.8044e-01
3.5972e-01 4.9436e-01 7.2328e-01
7.0256e-01 1.9584e-01 1.0344e+00
5.2463e-01 3.6238e-01 9.0442e-01
3.4290e-01 3.7116e-01 5.5141e-01
4.2784e-01 1.7839e-01 1.2657e+00
1.3067e-02 2.0284e-02 1.2345e+00
5.2217e-01 2.8679e-01 8.4640e-01
1.2802e-01 1.9509e-01 6.2399e-01
1.1014e-01 7.1672e-02 7.9989e-01
nan nan nan
2.9630e-01 3.9071e-01 9.9557e-01
4.7355e-01 6.1718e-01 6.1273e-01
8.6718e-01 8.3772e-02 1.2020e+00
1.8544e-01 7.3503e-02 1.4230e+00
5.8964e-01 1.1230e-01 8.4232e-01
7.6813e-01 1.0282e-01 5.3468e-01
2.0252e-01 7.4709e-02 1.1020e+00
5.2449e-01 8.6883e-02 7.2008e-01
7.4942e-01 1.4933e-01 8.3290e-01
2.2181e-01 7.0723e-02 1.0011e+00
5.9578e-01 1.8424e-01 1.2608e+00
7.4935e-01 7.5038e-02 5.4261e-01
1.1024e-01 7.3272e-01 4.2567e-01
6.6483e-01 8.9784e-03 5.2724e-01
4.1009e-01 2.7121e-01 7.1423e-01
9.0043e-02 1.9288e-01 5.5937e-01
7.0820e-02 1.0276e-01 8.2197e-01
6.0067e-01 5.6232e-03 1.3867e+00
4.8740e-01 3.8651e-01 5.2968e-01
7.9444e-01 2.6344e-01 1.4165e+00
8.1394e-02 4.5807e-01 7.4343e-01
5.9243e-01 3.1613e-04 6.5537e-01
4.4409e-01 3.9627e-01 9.0587e-01
7.2775e-01 8.2468e-03 1.1956e+00
1.6587e-01 5.3337e-01 9.2060e-01
7.9342e-01 2.3650e-01 2.5196e-01
4.8434e-01 3.2502e-01 9.9959e-01
2.8589e-01 2.0717e-01 7.9249e-01
6.8884e-01 7.3251e-02 8.6498e-01
3.9584e-01 2.9950e-01 5.2987e-01
5.7363e-01 1.8350e-01 5.4703e-01
9.3223e-02 5.6708e-01 7.0080e-01
4.3722e-02 2.7455e-02 1.3282e+00
1.5108e-02 4.5483e-01 7.5335e-01
5.0936e-01 1.6637e-01 6.8792e-01
3.3038e-02 5.2817e-02 1.0313e+00
9.4476e-03 3.6583e-01 1.0446e+00
2.7848e-01 7.0297e-02 1.2141e+00
7.8891e-01 2.4509e-01 7.1393e-01
2.9886e-01 1.2921e-01 1.5809e+00
8.6947e-01 1.5765e-01 9.8647e-01
4.1926e-01 1.4063e-01 4.6206e-01
7.6242e-01 2.4930e-02 3.5426e-01
5.0085e-01 1.9037e-01 3.1927e-01
2.0490e-01 2.1218e-01 1.2834e+00
1.5433e-01 2.7860e-01 4.1335e-01
4.4279e-01 1.4264e-01 9.5667e-01
3.2720e-01 6.4664e-02 1.0311e+00
6.1367e-01 2.3439e-01 9.0388e-01
8.0976e-02 1.5055e-01 1.3105e+00
3.6209e-01 9.6646e-02 6.3519e-01
2.7072e-01 3.3404e-01 6.7409e-01
5.2418e-01 2.1625e-01 9.9118e-01
3.5061e-01 4.5389e-01 6.1898e-01
3.7997e-01 2.5072e-01 6.7596e-01
5.8248e-01 3.8694e-01 7.8642e-01
1.7702e-01 5.2327e-01 1.1793e+00
2.3823e-01 3.6392e-01 7.6423e-01
3.3770e-01 4.1115e-01 4.8644e-01
4.2245e-01 1.0825e-01 8.3195e-01
2.0401e-01 6.5564e-01 6.1791e-01
2.6233e-01 3.3108e-01 1.3470e+00
3.2371e-01 3.5233e-02 8.8561e-01
2.2616e-01 6.8955e-01 7.3419e-01
2.9745e-01 3.9717e-01 9.8659e-01
5.4276e-01 1.9786e-01 8.6343e-01
5.0096e-01 2.8492e-02 1.3981e+00
6.4147e-01 3.1816e-01 1.1695e+00
2.4969e-01 5.2624e-01 1.2459e+00
4.2822e-02 3.6934e-02 9.2409e-01
2.1054e-02 5.0423e-01 6.9899e-01
2.8907e-01 1.8914e-01 8.6837e-01
1.3028e-01 1.7323e-01 6.2249e-01
4.5713e-01 1.3606e-01 7.4659e-01
1.2322e-02 2.6668e-01 7.5402e-01
3.7597e-01 3.7396e-03 1.2765e+00
8.8747e-02 3.5854e-01 5.9493e-01
6.8591e-02 2.2820e-01 7.3691e-01
9.1785e-01 2.2072e-01 7.8466e-01
1.4029e-02 1.3143e-01 1.0610e+00
8.1827e-02 3.5159e-01 9.1449e-01
5.0770e-01 1.2132e-01 1.1774e+00
4.0889e-01 2.9298e-01 8.9959e-01
2.7965e-01 3.2480e-01 9.9534e-01
5.0481e-01 1.3905e-01 1.3331e+00
3.9251e-01 5.9548e-01 4.0525e-01
9.2634e-01 9.9741e-02 6.5482e-01
3.7291e-01 9.0624e-01 9.3449e-01
2.0215e-02 3.4144e-01 7.6353e-01
4.3296e-01 2.2383e-01 8.4008e-01
4.6315e-01 5.4746e-01 8.6627e-01
3.7424e-01 4.3410e-02 6.0601e-01
1.8716e-01 1.6064e-01 7.4257e-01
8.3032e-02 1.9539e-01 8.6368e-01
2.0058e-01 3.1369e-01 1.4401e+00
6.2264e-01 2.9049e-01 9.4669e-01
8.0495e-01 8.7800e-02 5.6259e-01
3.4632e-01 2.8487e-01 5.0209e-01
8.3732e-01 1.3997e-02 6.0168e-01
4.6553e-01 5.4164e-01 5.0536e-01
5.1693e-02 4.8798e-01 7.4776e-01
1.3175e-01 2.1463e-01 7.1825e-01
1.3561e-01 4.0749e-03 1.0653e+00
1.6525e-01 4.9502e-01 6.1039e-01
1.2506e-02 6.6386e-02 5.7452e-01
2.8166e-02 8.0872e-02 8.5649e-01
2.2601e-01 6.0676e-02 5.2707e-01
1.9467e-01 1.7228e-02 9.0623e-01
1.9827e-01 4.0979e-01 6.1888e-01
6.0520e-01 4.3018e-02 4.5198e-01
3.1687e-01 6.8653e-01 6.5738e-01
5.4801e-01 4.2628e-01 1.3566e+00
4.1357e-01 3.4161e-01 1.1652e+00
5.2762e-01 3.7332e-01 5.6007e-01
4.7736e-01 8.9477e-02 1.1159e+00
2.2648e-02 2.5338e-03 1.1358e+00
5.9802e-01 2.0622e-01 6.6522e-01
4.7462e-02 3.5990e-01 6.7775e-01
3.8425e-01 7.2478e-02 5.7048e-01
3.1389e-01 4.7447e-01 5.2752e-01
4.2054e-01 4.5566e-01 9.2838e-01
4.6519e-01 6.9143e-01 6.7355e-01
6.2434e-01 3.0179e-02 1.0921e+00
3.3735e-01 7.0715e-02 9.2846e-01
6.7728e-01 2.3893e-01 8.5959e-01
8.2346e-01 1.2096e-01 8.9734e-01
2.5073e-01 2.8236e-02 5.3305e-01
4.9551e-01 2.3196e-01 3.7978e-01
7.7705e-01 1.4222e-02 6.7099e-01
9.1229e-02 1.4987e-01 1.3682e+00
5.3988e-01 7.2374e-02 9.1008e-01
7.5146e-01 1.5147e-02 2.7823e-01
1.9641e-01 6.5466e-01 6.3541e-01
6.7835e-01 6.0259e-02 3.5573e-01
4.2624e-01 1.7071e-01 7.2817e-01
1.2222e-01 2.7371e-01 9.6513e-01
1.1706e-01 1.4281e-01 4.8685e-01
6.4781e-01 4.5088e-02 6.8648e-01
7.3077e-01 3.6182e-01 2.8409e-01
6.8825e-01 2.2421e-01 1.1522e+00
2.3424e-01 6.7751e-01 6.0124e-01
4.4584e-01 5.2847e-01 8.5092e-01
3.1177e-01 3.8233e-01 1.0612e+00
6.2163e-01 1.2139e-01 8.4162e-01
1.3489e-01 6.0924e-01 7.4275e-01
5.7149e-01 2.2090e-01 8.2099e-01
7.1274e-01 4.0578e-01 1.3779e+00
5.0379e-01 2.1242e-01 7.7182e-01
7.7492e-01 1.0314e-01 1.2273e+00
4.2129e-01 5.0986e-01 1.0820e+00
6.3958e-01 3.6235e-02 6.9089e-01
4.2458e-03 5.4187e-01 7.1000e-01
1.4596e-02 1.8051e-02 1.4022e+00
1.9622e-01 5.2421e-01 4.2393e-01
3.5499e-01 1.8306e-01 1.2912e+00
7.5421e-01 7.7659e-02 5.1659e-01
1.5387e-01 3.5184e-01 1.0909e+00
2.5039e-01 2.4130e-01 8.1662e-01
7.4544e-01 2.8618e-01 5.9281e-01
1.7228e-01 2.6656e-01 6.7259e-01
8.0541e-01 1.9242e-01 1.1386e+00
4.9340e-01 3.6903e-01 5.5935e-01
6.6932e-01 2.8151e-01 8.6449e-01
4.9960e-01 2.0263e-01 1.1271e+00
nan nan nan
1.3749e-01 3.9245e-01 2.8503e-01
4.4897e-01 4.4084e-03 1.2668e+00
4.2443e-01 8.9331e-02 5.2906e-01
5.4943e-01 1.0039e-01 8.1553e-01
1.2039e-01 2.7124e-01 6.7753e-01
4.5874e-01 1.0356e-01 6.1093e-01
1.6255e-01 3.6083e-01 6.2224e-01
6.5635e-01 3.0365e-01 1.0540e+00
3.5103e-01 6.8040e-01 3.7067e-01
4.6719e-01 2.9687e-01 4.4898e-01
5.8835e-01 6.1981e-01 3.5121e-01
3.3018e-01 6.4137e-01 8.1824e-01
4.3299e-01 4.5875e-01 5.2974e-01
2.4076e-01 1.3821e-01 1.0102e+00
4.6141e-01 7.8161e-02 3.4137e-01
nan nan nan
2.7852e-01 5.7958e-01 7.2801e-01
3.7390e-01 9.7230e-02 7.3920e-01
2.0231e-01 6.8252e-01 4.3288e-01
2.7958e-01 6.2720e-01 1.0257e+00
5.7858e-01 1.9285e-01 5.5456e-01
4.4383e-01 6.2484e-02 7.8507e-01
4.5126e-01 1.9489e-01 1.1035e+00
2.6178e-01 5.6189e-01 9.4956e-01
1.1325e-01 1.8442e-01 4.3906e-01
6.1510e-02 6.7728e-01 6.9337e-01
2.7624e-01 1.0840e-01 5.5681e-01
9.0324e-02 5.0374e-02 4.6110e-01
1.7666e-01 1.7431e-01 1.0321e+00
7.9713e-03 2.3949e-01 5.5494e-01
3.1828e-01 1.3809e-01 1.0195e+00
1.0346e-01 5.7128e-01 6.5789e-01
1.3234e-01 3.5873e-01 1.1416e+00
8.3193e-01 3.5837e-01 7.4514e-01
7.5820e-01 2.2414e-01 6.9828e-01
6.9161e-02 6.1415e-01 1.2556e+00
nan nan nan
2.4447e-01 4.4013e-01 8.7737e-01
2.1398e-01 3.5951e-01 8.3962e-01
5.8850e-01 4.3927e-01 8.1832e-01
5.8647e-01 6.2140e-01 6.8865e-01
6.6117e-01 1.0411e-01 8.2261e-01
3.4617e-01 8.4520e-01 9.9375e-01
1.9889e-03 3.5446e-01 1.0009e+00
5.6992e-01 2.2674e-01 8.4013e-01
5.2595e-01 6.5502e-02 4.0360e-01
4.4877e-01 1.5440e-01 5.9338e-01
8.8496e-01 1.7789e-01 5.5426e-01
1.4137e-01 9.7407e-03 1.0395e+00
2.1790e-01 6.2262e-01 9.6989e-01
6.3021e-01 1.2781e-02 1.0754e+00
1.1499e-01 2.1909e-01 7.1412e-01
3.7654e-01 4.2938e-01 8.9479e-01
8.5181e-01 5.3083e-02 7.6602e-01
4.0535e-01 4.2667e-01 3.7871e-01
1.3215e-01 4.0360e-01 6.7472e-01
6.1780e-02 2.3362e-01 8.1601e-01
3.9906e-01 1.6440e-01 1.1711e+00
6.1454e-02 4.6874e-01 6.1446e-01
1.9866e-01 2.9773e-01 9.7796e-01
1.7607e-01 3.5360e-02 4.3009e-01
2.7832e-01 2.3948e-01 4.5718e-01
2.1738e-01 1.4311e-01 1.2527e+00
3.6166e-01 3.1915e-01 8.0626e-01
5.9150e-01 2.7284e-01 5.4674e-01
4.4126e-01 3.4135e-01 1.4620e+00
4.1433e-01 3.7666e-01 1.3268e+00
4.3404e-01 3.5899e-01 9.5969e-01
5.3006e-01 2.9874e-01 3.9725e-01
4.1047e-01 3.2023e-02 7.9226e-01
1.2665e-02 2.4297e-02 9.9092e-01
6.4226e-01 2.4395e-01 4.1279e-01
2.6812e-01 2.0471e-01 5.4274e-01
8.7570e-01 1.0798e-02 5.1893e-01
3.6687e-01 5.3360e-01 8.0184e-01
3.7150e-01 5.7586e-01 5.3340e-01
2.9103e-01 5.8381e-01 9.2774e-01
3.7496e-01 2.0588e-01 1.4664e+00
3.2593e-01 5.4296e-02 1.0339e+00
4.7690e-01 2.3436e-01 1.2926e+00
5.4673e-01 2.4532e-01 7.0545e-01
5.3977e-01 4.1128e-01 1.1022e+00
5.9245e-01 1.5358e-01 1.3945e+00
9.8083e-01 7.0827e-02 1.1886e+00
2.3896e-01 2.6125e-01 1.6372e+00
5.3742e-01 2.1194e-01 1.0223e+00
8.0636e-01 4.4102e-02 5.3295e-01
2.3850e-01 5.1528e-01 6.4026e-01
6.7023e-01 1.8082e-01 6.9501e-01
3.3687e-01 6.8002e-03 1.0117e+00
1.6781e-01 1.4522e-01 6.4133e-01
2.8130e-01 7.7100e-02 7.4437e-01
7.6271e-01 1.8863e-02 9.8021e-01
7.7945e-01 1.5917e-01 7.2871e-01
7.9237e-01 1.0688e-01 1.0783e+00
2.7112e-01 4.9519e-01 6.8496e-01
4.8869e-01 4.9139e-01 1.5589e+00
4.5367e-01 2.7620e-01 1.5076e+00
7.4507e-01 1.2559e-01 7.1220e-01
2.7791e-02 7.1890e-01 9.6962e-01
1.0037e-01 3.9482e-01 6.6765e-01
7.1320e-01 4.2284e-01 6.7549e-01
2.7869e-01 2.2964e-01 4.9635e-01
7.5220e-01 1.4119e-01 1.4488e+00
3.8596e-01 8.4336e-01 8.3306e-01
5.9722e-01 1.3770e-01 1.0445e+00
3.3715e-02 3.9839e-01 6.1338e-01
8.7625e-01 4.6559e-03 9.7098e-01
1.6678e-01 5.4031e-01 4.8717e-01
3.3732e-01 1.0946e-01 8.0610e-01
5.7078e-01 2.0364e-01 5.3653e-01
5.8589e-02 2.0022e-01 6.5013e-01
6.1400e-02 3.1244e-01 1.1594e+00
6.1008e-01 1.5914e-01 5.1426e-01
2.9901e-01 2.9632e-01 1.0405e+00
7.7833e-01 1.1493e-01 1.0310e+00
3.6651e-01 3.0942e-01 8.8560e-01
6.8812e-01 1.9581e-01 1.0901e+00
5.2174e-01 4.3470e-01 9.9894e-01
nan nan nan
3.1770e-01 3.6396e-01 1.0665e+00
4.6644e-01 7.3273e-02 1.0964e+00
3.3832e-01 9.0371e-02 9.6708e-01
6.1596e-01 8.1467e-02 3.6266e-01
1.9277e-01 4.2130e-01 8.9595e-01
6.2738e-01 1.4458e-01 9.3375e-01
1.4919e-01 4.7117e-01 6.5087e-01
5.4133e-01 3.6021e-01 1.0529e+00
5.1624e-01 6.3421e-01 8.6688e-01
4.2521e-01 5.9548e-01 6.3201e-01
3.8562e-01 6.0621e-01 1.2786e+00
1.8557e-01 8.6580e-01 5.5375e-01
4.1555e-01 4.8754e-01 1.0552e+00
4.2039e-01 2.2010e-01 1.1788e+00
4.7434e-01 2.5531e-01 1.0201e+00
4.3587e-01 8.5867e-01 8.3951e-01
3.6812e-01 3.9908e-01 5.3134e-01
4.2309e-01 1.0435e-01 1.4043e+00
7.5896e-02 5.6757e-01 4.5488e-01
2.3063e-01 6.6299e-01 9.8281e-01
4.3924e-01 4.2341e-01 5.9420e-01
3.1558e-01 4.1899e-02 1.1474e+00
6.2462e-01 1.0595e-02 8.3992e-01
3.4995e-01 4.4880e-01 8.8742e-01
3.1194e-01 2.5494e-01 9.1303e-01
1.4239e-02 5.3191e-01 6.9071e-01
2.5176e-01 5.0164e-02 4.0399e-01
1.6985e-01 1.7968e-01 8.2234e-01
8.5223e-01 1.5016e-01 1.0711e+00
6.8238e-02 2.1344e-01 7.5598e-01
4.3796e-01 1.1435e-01 6.9688e-01
2.3443e-01 7.2118e-01 1.0298e+00
1.5172e-01 1.7788e-01 1.0880e+00
7.9002e-01 2.5160e-01 1.1136e+00
6.8786e-01 3.1487e-01 7.3323e-01
2.1098e-01 6.1950e-01 6.2038e-01
2.4592e-01 3.4831e-01 8.7448e-01
1.3097e-02 5.6683e-01 1.1108e+00
1.1536e-01 3.1534e-01 1.1117e+00
5.5214e-01 4.6772e-01 6.6131e-01
6.3613e-01 8.3241e-01 8.0752e-01
6.8582e-01 1.7063e-01 6.7904e-01
4.0207e-01 8.0707e-01 1.4373e+00
7.4908e-02 2.9449e-01 7.3792e-01
8.3302e-01 1.1293e-01 5.1538e-01
5.4409e-01 7.0772e-02 1.2677e+00
6.0252e-01 3.5214e-02 9.3925e-01
7.9127e-01 4.5855e-02 9.1970e-01
6.3132e-02 9.4783e-02 7.4313e-01
1.8419e-01 6.0837e-01 9.4694e-01
7.2382e-01 2.1252e-01 6.9676e-01
7.1086e-01 1.7201e-01 5.5152e-01
4.8664e-01 3.4708e-01 9.2825e-01
6.4817e-01 9.6554e-02 5.5857e-01
4.3975e-01 4.8227e-01 4.2246e-01
1.3073e-01 4.2614e-01 7.9536e-01
3.4302e-02 4.1134e-02 5.5590e-01
6.5547e-01 1.8980e-01 9.4809e-01
8.5888e-02 1.9230e-01 3.5636e-01
5.7776e-01 1.0112e-01 1.2510e+00
2.5434e-01 1.2433e-01 5.6814e-01
8.2532e-02 4.1346e-01 4.3063e-01
3.1220e-01 1.5740e-01 9.9993e-01
3.4204e-01 3.3224e-01 6.2156e-01
7.1482e-01 5.0162e-02 7.8207e-01
3.5897e-01 5.0001e-01 1.1875e+00
6.2018e-01 2.2002e-01 7.3915e-01
4.0792e-01 2.5963e-01 6.1090e-01
7.1482e-01 1.9714e-01 6.3689e-01
4.4975e-01 3.1189e-01 4.8246e-01
8.2265e-02 2.0902e-01 8.5639e-01
6.6526e-01 3.2671e-01 8.9800e-01
2.6392e-01 5.3619e-02 3.5658e-01
7.7087e-01 1.7312e-04 1.1844e+00
1.6691e-01 5.9171e-01 6.1591e-01
4.4231e-01 7.1118e-01 8.5550e-01
3.3827e-01 8.0497e-01 8.4793e-01
3.2691e-01 8.5355e-02 1.1018e+00
3.2914e-01 2.9096e-01 5.5439e-01
6.2663e-01 5.0113e-01 9.6449e-01
5.9301e-01 1.1955e-01 5.1910e-01
3.3716e-01 6.4718e-01 8.9836e-01
3.0277e-01 1.9889e-01 8.9143e-01
5.7118e-01 4.6813e-02 8.2423e-01
9.7890e-02 4.0116e-01 1.2326e+00
7.8741e-01 3.6173e-01 7.1568e-01
7.1527e-01 5.9331e-02 5.0615e-01
3.9258e-01 5.9428e-01 4.4409e-01
6.5496e-01 2.5989e-01 1.0399e+00
4.6599e-01 8.8310e-02 1.0151e+00
1.8695e-01 1.5597e-01 8.7330e-01
3.3789e-01 1.7076e-01 6.0207e-01
6.2767e-01 1.6106e-01 1.0787e+00
6.5973e-01 1.6339e-01 8.9912e-01
7.5674e-01 1.0346e-01 1.2083e+00
7.1938e-02 4.7206e-01 6.3390e-01
2.7683e-01 2.7797e-01 1.2992e+00
4.6757e-01 3.7559e-01 1.0634e+00
7.2868e-01 1.0909e-01 1.1234e+00
8.3745e-02 6.2761e-01 6.4244e-01
8.3745e-01 3.4162e-01 5.9863e-01
8.4695e-01 5.8718e-01 5.4257e-01
3.2111e-01 2.7506e-01 4.3238e-01
7.2751e-01 2.8860e-01 8.8704e-01
1.0591e-01 9.0601e-01 5.8723e-01
6.3349e-01 2.8534e-01 7.8876e-01
3.1416e-02 5.6930e-01 2.9897e-01
9.6210e-01 4.0508e-02 8.0176e-01
2.6915e-01 4.6770e-01 5.6223e-01
3.3220e-01 2.7330e-01 9.9486e-01
5.4996e-01 2.5077e-01 7.6644e-01
3.4596e-01 2.7723e-02 7.8668e-01
1.3819e-01 4.3228e-01 8.2589e-01
6.0834e-01 4.4150e-01 8.0614e-01
2.9564e-01 4.3395e-01 1.1127e+00
5.1854e-01 3.3297e-02 4.9098e-01
2.9672e-01 1.4931e-03 1.9938e-01
5.7056e-01 3.1211e-01 8.3345e-01
4.9020e-01 4.3177e-01 6.7415e-01
nan nan nan
1.8725e-01 5.2637e-01 7.7628e-01
3.2096e-01 4.2573e-02 9.6125e-01
5.1737e-01 1.2474e-02 7.5354e-01
5.9765e-01 1.2323e-01 9.3635e-01
1.7792e-02 5.5233e-01 4.9952e-01
nan nan nan
5.7800e-02 3.3681e-01 6.1500e-01
5.5441e-01 4.7602e-01 1.2016e+00
3.5936e-01 8.2058e-01 8.4503e-01
4.8440e-01 4.1288e-01 8.1524e-01
3.6280e-01 6.3624e-01 7.7376e-01
2.3935e-01 8.4440e-01 7.9725e-01
4.5522e-01 4.8091e-01 9.1111e-01
4.0499e-01 4.2794e-02 9.1493e-01
4.7041e-01 5.6185e-01 7.6257e-01
2.9811e-01 7.6743e-01 5.2897e-01
4.2819e-01 3.8223e-01 5.3496e-01
3.1702e-01 3.6753e-01 7.8647e-01
7.0473e-03 3.5594e-01 3.4359e-01
3.1130e-01 8.9811e-01 6.6236e-01
6.7740e-01 3.2014e-01 8.6931e-01
3.9705e-01 2.7835e-01 1.2909e+00
5.9159e-01 4.7543e-02 3.1953e-01
3.8859e-01 5.2789e-01 9.8166e-01
2.1140e-01 2.0657e-01 5.9694e-01
1.0200e-01 7.2732e-01 5.2648e-01
1.4788e-01 6.4992e-02 4.2096e-01
4.2359e-01 1.4632e-01 7.7000e-01
8.0101e-01 2.6370e-01 7.3139e-01
2.3305e-01 1.9754e-01 6.6389e-01
4.8392e-01 1.8426e-01 6.6848e-01
1.9812e-01 7.8454e-01 7.2372e-01
1.9672e-01 1.4484e-01 4.9822e-01
6.7482e-01 3.4738e-01 1.1808e+00
8.0087e-01 3.5114e-01 4.2993e-01
1.3107e-01 5.2468e-01 9.7680e-01
2.7149e-01 8.3306e-02 1.0725e+00
4.4086e-02 3.9128e-01 8.5548e-01
2.7116e-01 3.9625e-01 7.3159e-01
5.4349e-01 4.5739e-01 3.1090e-01
5.7134e-01 6.3664e-01 5.6127e-01
9.5448e-01 2.9653e-01 6.7696e-01
3.3007e-01 9.4474e-01 1.1424e+00
2.0973e-02 4.6884e-01 9.1000e-01
7.9940e-01 3.0272e-01 4.1291e-01
5.7223e-01 2.4609e-01 4.7150e-01
5.4378e-01 6.7713e-02 1.1215e+00
8.3321e-01 1.7867e-02 7.8110e-01
3.7856e-02 1.0641e-01 8.7411e-01
2.1973e-01 6.2064e-01 5.0642e-01
7.7129e-01 4.4192e-01 7.6637e-01
8.1318e-01 2.1368e-02 8.1831e-01
5.3833e-01 1.8538e-01 1.2613e+00
6.9776e-01 1.6207e-01 5.8800e-01
3.6983e-01 7.4736e-01 7.0980e-01
3.7352e-01 5.4957e-01 6.0551e-01
9.0738e-02 2.4976e-02 4.4547e-01
8.3788e-01 5.7104e-02 1.1816e+00
4.2567e-02 3.4773e-01 6.4003e-01
5.8999e-01 2.6231e-01 4.3794e-01
2.3134e-01 1.8931e-01 8.9705e-01
2.4753e-02 4.9178e-01 8.7911e-01
3.4257e-02 1.0804e-01 1.3995e+00
2.2878e-01 4.0080e-01 5.8604e-01
5.7871e-01 1.1944e-01 8.4087e-01
1.8166e-01 7.5219e-01 8.2695e-01
7.5479e-01 6.7175e-03 4.9454e-01
4.3406e-01 4.2048e-01 8.6494e-01
8.7810e-02 3.4196e-01 5.5566e-01
4.3263e-01 2.5694e-01 5.2455e-01
1.0405e-01 1.6971e-01 1.0593e+00
6.3139e-01 2.8659e-01 8.4729e-01
2.0641e-01 2.6597e-02 5.4804e-01
7.2912e-01 4.6393e-02 1.3083e+00
1.2631e-01 7.2277e-01 7.9942e-01
5.2525e-01 5.0721e-01 8.2838e-01
4.9022e-01 6.8809e-01 9.6253e-01
3.8832e-01 1.1993e-01 5.7675e-01
3.5629e-01 3.0627e-01 8.4240e-01
6.8769e-01 5.8539e-01 9.3136e-01
8.6464e-01 1.9349e-01 4.6031e-01
2.2230e-01 6.5342e-01 1.0597e+00
1.3738e-02 2.7616e-01 1.3263e+00
8.9725e-01 3.7033e-01 4.1140e-01
1.8649e-01 3.6159e-01 5.3212e-01
9.9954e-01 1.3354e-01 7.6986e-01
8.2741e-01 2.1016e-02 8.7443e-01
5.6603e-01 4.3398e-01 6.6815e-01
6.2047e-01 9.2472e-02 6.0149e-01
4.0294e-01 4.8005e-02 5.4037e-01
2.1816e-01 1.1801e-01 1.0255e+00
2.3749e-01 1.6037e-01 5.0787e-01
3.5780e-01 2.8232e-01 7.9794e-01
6.8194e-01 4.2077e-01 9.6944e-01
7.3116e-01 5.2449e-02 1.7074e+00
2.5795e-01 2.7099e-01 9.3713e-01
4.9156e-01 1.6640e-01 1.3742e+00
4.2094e-01 5.0156e-01 9.3126e-01
3.7594e-01 4.8342e-02 4.2147e-01
1.2258e-01 5.7877e-01 9.9428e-01
7.2471e-01 1.8398e-02 1.0871e+00
7.5769e-01 6.4663e-01 5.4565e-01
5.5003e-01 3.1712e-01 6.3304e-01
5.8213e-01 3.3038e-01 4.6777e-01
nan nan nan
6.7568e-01 2.8282e-01 1.2183e+00
2.0405e-02 7.3589e-01 6.5715e-01
7.7371e-01 2.2605e-01 7.6217e-01
3.1877e-01 4.9531e-01 7.2107e-01
3.2629e-01 4.2119e-01 7.2770e-01
8.4022e-01 5.2825e-01 7.1016e-01
6.9292e-02 5.4630e-02 5.2961e-01
1.1931e-01 4.2375e-01 7.2751e-01
nan nan nan
2.0923e-01 1.6850e-01 1.0737e+00
9.3034e-01 2.6876e-01 7.4013e-01
1.0539e-01 7.2721e-02 3.7672e-01
6.0554e-01 1.8535e-01 1.0447e+00
4.5818e-01 5.0341e-01 7.5374e-01
nan nan nan
2.1823e-01 6.2528e-01 2.7440e-01
2.3153e-01 9.8249e-02 7.1073e-01
4.9767e-01 2.8254e-01 5.3936e-01
6.0854e-01 3.3560e-01 1.2289e+00
5.1882e-02 7.1676e-01 7.5420e-01
6.2344e-01 3.8762e-01 6.2577e-01
6.0295e-02 2.4590e-01 6.0158e-01
3.3038e-01 5.3548e-01 9.3918e-01
3.4109e-01 7.3187e-01 5.7424e-01
5.1267e-01 3.1567e-01 1.2318e+00
5.1493e-01 5.5577e-01 1.1331e+00
nan nan nan
5.3267e-01 6.1575e-01 8.0618e-01
2.4230e-01 1.1815e-01 1.1857e+00
4.1706e-01 8.0722e-01 5.3142e-01
4.0473e-01 7.3481e-01 8.1085e-01
3.6935e-01 8.1137e-02 7.1377e-01
3.5433e-01 2.5897e-01 4.5414e-01
9.7224e-02 4.6178e-01 5.9782e-01
2.3897e-01 7.4261e-01 9.4245e-01
6.3531e-01 5.9017e-02 7.5755e-01
3.8455e-01 1.0959e-02 1.0364e+00
4.9322e-01 2.6963e-01 7.7228e-01
3.9714e-01 5.0413e-01 1.0460e+00
1.2389e-01 3.5052e-01 5.1414e-01
1.0438e-01 7.4653e-01 9.0645e-01
1.0041e-01 4.1704e-02 9.6971e-01
5.2070e-01 4.1100e-02 7.2316e-01
7.0558e-01 3.5079e-01 6.7341e-01
1.1157e-01 3.5890e-01 9.4278e-01
3.5257e-01 1.6456e-01 9.6388e-01
1.0490e-01 6.8091e-01 7.7065e-01
2.4468e-01 1.3914e-01 1.2333e+00
7.9685e-01 1.9715e-01 8.5746e-01
4.9025e-01 1.8507e-01 9.4636e-01
1.2812e-01 7.6646e-01 1.2825e+00
3.2738e-01 2.8487e-02 8.4327e-01
6.6936e-03 4.7523e-01 8.8411e-01
1.0987e-01 3.3924e-01 1.1046e+00
4.9235e-01 4.5062e-01 4.8312e-01
4.9111e-01 5.5458e-01 3.8460e-01
5.2069e-01 3.6817e-01 6.5334e-01
2.8271e-01 7.7326e-01 1.7060e+00
9.3914e-03 2.7202e-01 7.0358e-01
7.6668e-01 2.5799e-01 9.0432e-01
5.2741e-01 5.4279e-01 4.0458e-01
5.6109e-01 1.2541e-01 6.7297e-01
7.9861e-01 6.6385e-02 8.5900e-01
1.9159e-01 1.0083e-01 7.5849e-01
3.4108e-01 4.9076e-01 5.4851e-01
6.8069e-01 3.4236e-01 1.2962e-01
6.9253e-01 8.8144e-02 7.1010e-01
6.2320e-01 3.0923e-01 6.6998e-01
6.8095e-01 1.2518e-01 3.4401e-01
4.0303e-01 6.1323e-01 8.5691e-01
2.1787e-01 4.9635e-01 9.5491e-01
1.9062e-01 1.1819e-01 5.6425e-01
7.6754e-01 1.7929e-01 1.2287e+00
6.8546e-02 3.1991e-02 4.7308e-01
5.5227e-01 3.8729e-01 5.6281e-01
2.2607e-01 1.9347e-01 5.2488e-01
6.6346e-02 4.6879e-01 1.3430e+00
7.8586e-02 4.5697e-01 5.4359e-01
2.7881e-01 5.1839e-01 3.9723e-01
6.0100e-01 6.9526e-02 6.7092e-01
1.6132e-01 5.3531e-01 6.3836e-01
6.2598e-01 2.2019e-01 6.6692e-01
3.1269e-01 2.5405e-01 4.1698e-01
2.0484e-01 1.8589e-01 6.9140e-01
5.0537e-01 2.1784e-01 6.6204e-01
9.5515e-02 2.3149e-01 1.0572e+00
8.4754e-01 2.8576e-01 6.9891e-01
5.4896e-02 3.4688e-01 3.7536e-01
4.7227e-01 9.2419e-03 8.9803e-01
5.2654e-02 6.1331e-01 6.8577e-01
4.2819e-01 2.5903e-01 6.7774e-01
3.6488e-01 6.4759e-01 8.3674e-01
1.8589e-01 5.7079e-02 2.2109e-01
4.0101e-01 6.6993e-02 1.0270e+00
5.8392e-01 4.9554e-01 8.0716e-01
7.8137e-01 1.1401e-01 5.5881e-01
2.3828e-01 4.1797e-01 7.1954e-01
1.6647e-02 1.8476e-01 8.2984e-01
8.1550e-01 2.5748e-01 6.3047e-01
3.3147e-01 5.1927e-01 5.1359e-01
9.2585e-01 6.6346e-02 6.9092e-01
6.5184e-01 5.3797e-02 4.4257e-01
3.3211e-01 2.1593e-01 1.0317e+00
4.5865e-01 1.9335e-01 8.6370e-01
4.1027e-01 1.0145e-01 1.3495e+00
8.3829e-02 2.1283e-01 6.9592e-01
3.4588e-01 3.0163e-01 6.6154e-01
2.7927e-01 8.4406e-02 1.0569e+00
5.8281e-01 2.9445e-01 4.9436e-01
8.3311e-01 1.4211e-01 4.8691e-01
2.4232e-01 2.5593e-02 7.2883e-01
5.0463e-01 1.9522e-01 1.0265e+00
3.3718e-01 3.4706e-01 6.2256e-01
4.2855e-01 5.5760e-02 6.4212e-01
1.6713e-01 5.0907e-01 8.0965e-01
6.5750e-01 1.6637e-01 9.3326e-01
7.4426e-01 5.2015e-01 6.1163e-01
3.3426e-01 4.6061e-01 9.7145e-01
6.2118e-01 4.8390e-01 5.9316e-01
2.9499e-01 8.9762e-01 4.5060e-01
6.8889e-01 2.5292e-01 8.3754e-01
2.4288e-01 7.4648e-01 5.1364e-01
6.2866e-01 2.7333e-01 6.4981e-01
1.3832e-01 3.6797e-01 7.2717e-01
2.0836e-01 3.3815e-01 6.7902e-01
3.5715e-01 8.2275e-01 1.2329e+00
9.7594e-02 2.7698e-01 6.0256e-01
4.0928e-02 4.0549e-01 7.2479e-01
8.1133e-02 4.6428e-01 8.4607e-01
3.8909e-01 2.9590e-01 1.2820e+00
8.5595e-01 1.1347e-01 5.6344e-01
1.0519e-01 1.1318e-01 6.4643e-01
6.2456e-01 1.5699e-01 1.2944e+00
2.9442e-01 6.1015e-01 7.3352e-01
nan nan nan
3.0904e-01 6.8004e-01 5.0606e-01
3.7918e-01 1.8341e-01 1.0309e+00
5.0870e-01 6.9922e-02 6.0301e-01
6.1591e-01 8.0610e-02 1.1086e+00
1.1152e-01 6.3639e-01 4.7177e-01
6.0297e-01 3.0727e-01 7.3455e-01
5.2828e-02 4.9459e-02 3.7134e-01
2.2367e-01 1.4709e-01 6.4066e-01
4.6040e-01 6.5053e-01 4.7458e-01
5.1090e-01 2.8570e-01 8.6177e-01
4.7111e-01 5.0264e-01 9.0465e-01
1.1907e-01 6.4063e-01 4.7339e-01
4.7688e-01 4.4595e-01 8.0323e-01
8.9649e-02 2.7899e-01 1.0859e+00
4.0431e-01 6.4054e-01 7.6620e-01
2.6452e-01 6.5140e-01 6.5758e-01
4.6671e-01 3.6832e-01 1.0650e+00
2.7407e-01 2.8988e-01 7.4173e-01
8.5015e-02 4.2629e-01 7.2668e-01
3.5415e-01 7.9094e-01 7.3908e-01
8.4183e-01 3.0689e-01 6.0704e-01
3.9655e-01 1.5454e-01 5.0176e-01
6.7577e-01 1.3326e-01 4.6314e-01
4.8744e-01 2.9514e-01 7.9647e-01
2.2862e-01 4.5830e-01 5.6952e-01
2.8140e-02 6.9523e-01 2.6682e-01
2.3674e-01 1.1802e-02 7.7158e-01
4.6086e-01 7.5048e-03 9.8432e-01
6.9301e-01 2.5457e-01 4.3426e-01
2.5471e-01 3.4015e-01 7.0789e-01
4.2511e-01 3.4062e-01 4.1359e-01
2.5768e-01 7.8320e-01 1.0036e+00
1.9795e-01 1.7547e-01 5.2339e-01
7.4360e-01 7.1211e-02 7.3004e-01
9.5275e-01 1.7892e-02 5.9571e-01
2.7350e-01 2.0078e-01 7.3204e-01
2.6366e-01 5.1547e-02 4.6124e-01
6.4304e-02 6.0659e-01 7.1767e-01
8.4063e-02 3.1679e-01 1.2926e+00
5.8396e-01 4.8588e-01 3.7566e-01
4.6841e-01 5.5337e-01 9.6342e-01
6.1315e-01 1.0157e-01 5.4736e-01
1.8418e-01 3.4192e-01 7.5718e-01
3.2203e-02 2.7431e-01 1.0678e+00
6.6558e-01 2.2902e-01 1.2777e+00
5.2771e-01 6.3927e-01 1.0987e+00
5.6780e-01 3.0509e-01 9.4995e-01
7.1781e-01 2.9161e-01 5.9129e-01
1.9539e-01 1.5370e-01 4.4705e-01
7.2891e-02 5.4540e-01 6.6123e-01
7.2027e-01 6.2822e-01 5.3049e-01
7.8031e-01 2.6514e-01 1.0199e+00
7.7859e-01 2.7560e-01 1.2391e+00
6.9397e-01 1.8994e-01 1.0174e+00
5.5494e-01 7.8598e-01 7.4554e-01
1.5651e-01 6.1736e-01 1.6151e+00
2.3685e-01 6.1078e-02 8.3101e-01
7.8381e-01 1.4550e-01 1.1422e+00
3.9087e-01 5.6831e-02 8.0324e-01
4.9608e-01 4.4698e-01 2.4620e-01
1.3385e-01 5.2441e-02 1.2870e+00
2.3716e-01 6.8869e-01 9.1200e-01
1.5288e-01 3.1422e-01 9.3896e-01
3.4311e-01 5.4164e-01 6.4570e-01
5.4160e-01 2.3823e-01 6.5013e-01
2.4232e-01 3.9221e-01 9.9979e-01
6.7180e-01 3.2841e-01 6.2989e-01
2.3416e-02 3.5645e-02 3.4203e-01
9.8551e-01 1.6492e-01 5.6870e-01
4.9424e-01 4.7431e-01 8.5527e-01
2.7210e-02 2.0795e-01 1.3635e+00
8.7306e-01 2.7726e-01 4.3084e-01
4.9680e-02 3.9391e-01 6.5854e-01
5.6421e-01 1.1513e-01 1.0189e+00
2.1686e-01 6.8066e-01 9.6966e-01
4.2629e-01 7.1141e-01 8.1012e-01
3.7062e-01 5.2974e-01 6.6673e-01
1.1545e-01 5.7041e-02 6.8634e-01
6.2310e-01 1.6575e-01 5.1358e-01
7.5162e-01 5.5897e-01 7.6910e-01
7.2627e-01 4.5970e-02 3.6935e-01
4.2124e-01 5.1981e-01 5.0106e-01
2.6852e-02 2.4198e-01 6.8112e-01
9.3771e-01 2.4350e-01 8.4661e-01
2.3644e-01 4.9717e-01 5.6136e-01
9.4316e-01 3.6132e-02 8.9714e-01
1.2022e-01 9.1401e-02 7.2978e-01
4.0586e-01 2.0649e-01 1.1464e+00
5.7424e-01 5.2218e-02 8.6942e-01
4.2677e-01 2.3563e-01 1.0420e+00
1.7664e-01 3.9477e-01 9.1578e-01
2.8236e-01 2.5226e-01 5.3500e-01
1.4802e-01 2.3665e-01 1.2511e+00
3.8683e-01 3.8073e-02 5.9362e-01
8.5082e-01 3.7648e-01 8.3478e-01
2.1247e-01 2.2920e-03 5.9735e-01
4.1732e-01 6.3308e-02 1.1583e+00
4.1556e-01 3.2268e-01 7.2396e-01
4.8837e-01 7.8519e-02 1.0703e+00
1.3185e-01 3.8140e-01 1.1695e+00
7.9593e-01 1.2339e-01 4.3010e-01
8.6438e-01 5.1690e-01 6.9155e-01
6.2145e-01 3.9935e-01 9.7206e-01
5.8351e-01 3.2186e-01 6.5187e-01
2.0489e-01 9.4587e-01 6.8292e-01
7.9435e-01 1.8340e-01 8.8454e-01
2.7266e-01 7.8414e-01 7.6402e-01
6.0436e-01 1.4744e-01 7.0253e-01
1.5255e-01 1.2018e-01 7.4130e-01
4.6908e-01 3.9765e-01 8.7850e-01
5.4015e-01 5.1542e-01 5.2005e-01
6.7747e-02 6.9725e-02 9.6379e-01
8.8463e-02 2.4795e-01 1.1725e+00
1.8618e-02 4.9684e-01 3.0894e-01
3.4652e-01 1.7414e-01 6.3306e-01
8.2708e-01 2.0533e-02 8.1516e-01
2.3464e-01 1.4189e-01 1.3378e+00
6.4644e-01 3.3993e-01 9.5681e-01
3.3098e-01 5.2610e-01 8.0559e-01
nan nan nan
1.2186e-01 5.1678e-01 9.1031e-01
2.1081e-01 1.1326e-01 1.1886e+00
4.7527e-01 2.7587e-02 4.8800e-01
6.4323e-01 3.6806e-02 9.6045e-01
4.2384e-02 6.7173e-01 7.9744e-01
5.4589e-01 3.4998e-01 7.4199e-01
1.0312e-01 8.0432e-02 1.0190e+00
3.0610e-01 1.7680e-01 1.1138e+00
4.0180e-01 8.2640e-01 9.7422e-01
5.8433e-01 5.0407e-01 4.7830e-01
5.7674e-01 2.8115e-01 6.5495e-01
2.4503e-01 6.8045e-01 9.4270e-01
5.0259e-01 4.4326e-01 9.9962e-01
1.4437e-01 2.7393e-01 7.8885e-01
3.3979e-01 7.2912e-01 9.7523e-01
1.7346e-01 7.5174e-01 6.5812e-01
4.4147e-01 5.1539e-01 6.8547e-01
2.7884e-01 8.8758e-02 5.5283e-01
8.0692e-02 3.9359e-01 1.0613e+00
4.2638e-01 8.5281e-01 1.3621e+00
6.0963e-01 6.7729e-02 6.4624e-01
4.4557e-01 3.5273e-01 1.0795e+00
5.3537e-01 1.0857e-01 3.8676e-01
5.3181e-01 4.8738e-01 1.0417e+00
1.7763e-01 5.9903e-01 1.0276e+00
9.2210e-02 5.0599e-01 1.4264e+00
4.3545e-01 1.9206e-01 1.0349e+00
3.3774e-01 7.1834e-02 1.0453e+00
7.6381e-01 2.3145e-01 4.2307e-01
4.3847e-02 2.5142e-01 6.9264e-01
2.3496e-01 1.5139e-01 8.7659e-01
4.1285e-01 9.3851e-01 1.2993e+00
3.8345e-01 1.5882e-01 1.1312e+00
7.6735e-01 4.2181e-03 6.4214e-01
6.3700e-01 2.2229e-01 3.7162e-01
3.8093e-01 1.9728e-01 5.6258e-01
2.6182e-01 3.4327e-02 1.2728e+00
1.5596e-01 5.2279e-01 8.6688e-01
1.6941e-01 2.6729e-01 6.9029e-01
6.3017e-01 4.5302e-01 6.7097e-01
2.4826e-01 5.8794e-01 8.3779e-01
