1 1 1 2 3
2 1 2 3 4
3 1 3 4 5
4 1 4 5 6
5 1 5 6 7
6 1 6 7 8
7 1 7 8 9
8 1 8 9 10
9 1 11 12 13
10 1 12 13 14
11 1 13 14 15
12 1 14 15 16
13 1 15 16 17
14 1 16 17 18
15 1 17 18 19
16 1 18 19 20
17 1 21 22 23
18 1 22 23 24
19 1 23 24 25
20 1 24 25 26
21 1 25 26 27
22 1 26 27 28
23 1 27 28 29
24 1 28 29 30
25 1 31 32 33
26 1 32 33 34
27 1 33 34 35
28 1 34 35 36
29 1 35 36 37
30 1 36 37 38
31 1 37 38 39
32 1 38 39 40
33 1 41 42 43
34 1 42 43 44
35 1 43 44 45
36 1 44 45 46
37 1 45 46 47
38 1 46 47 48
39 1 47 48 49
40 1 48 49 50
41 1 51 52 53
42 1 52 53 54
43 1 53 54 55
44 1 54 55 56
45 1 55 56 57
46 1 56 57 58
47 1 57 58 59
48 1 58 59 60
49 1 61 62 63
50 1 62 63 64
51 1 63 64 65
52 1 64 65 66
53 1 65 66 67
54 1 66 67 68
55 1 67 68 69
56 1 68 69 70
57 1 71 72 73
58 1 72 73 74
59 1 73 74 75
60 1 74 75 76
61 1 75 76 77
62 1 76 77 78
63 1 77 78 79
64 1 78 79 80
65 1 81 82 83
66 1 82 83 84
67 1 83 84 85
68 1 84 85 86
69 1 85 86 87
70 1 86 87 88
71 1 87 88 89
72 1 88 89 90
73 1 91 92 93
74 1 92 93 94
75 1 93 94 95
76 1 94 95 96
77 1 95 96 97
78 1 96 97 98
79 1 97 98 99
80 1 98 99 100
81 1 101 102 103
82 1 102 103 104
83 1 103 104 105
84 1 104 105 106
85 1 105 106 107
86 1 106 107 108
87 1 107 108 109
88 1 108 109 110
89 1 111 112 113
90 1 112 113 114
91 1 113 114 115
92 1 114 115 116
93 1 115 116 117
94 1 116 117 118
95 1 117 118 119
96 1 118 119 120
97 1 121 122 123
98 1 122 123 124
99 1 123 124 125
100 1 124 125 126
101 1 125 126 127
102 1 126 127 128
103 1 127 128 129
104 1 128 129 130
105 1 131 132 133
106 1 132 133 134
107 1 133 134 135
108 1 134 135 136
109 1 135 136 137
110 1 136 137 138
111 1 137 138 139
112 1 138 139 140
113 1 141 142 143
114 1 142 143 144
115 1 143 144 145
116 1 144 145 146
117 1 145 146 147
118 1 146 147 148
119 1 147 148 149
120 1 148 149 150
121 1 151 152 153
122 1 152 153 154
123 1 153 154 155
124 1 154 155 156
125 1 155 156 157
126 1 156 157 158
127 1 157 158 159
128 1 158 159 160
129 1 161 162 163
130 1 162 163 164
131 1 163 164 165
132 1 164 165 166
133 1 165 166 167
134 1 166 167 168
135 1 167 168 169
136 1 168 169 170
137 1 171 172 173
138 1 172 173 174
139 1 173 174 175
140 1 174 175 176
141 1 175 176 177
142 1 176 177 178
143 1 177 178 179
144 1 178 179 180
145 1 181 182 183
146 1 182 183 184
147 1 183 184 185
148 1 184 185 186
149 1 185 186 187
150 1 186 187 188
151 1 187 188 189
152 1 188 189 190
153 1 191 192 193
154 1 192 193 194
155 1 193 194 195
156 1 194 195 196
157 1 195 196 197
158 1 196 197 198
159 1 197 198 199
160 1 198 199 200
161 1 201 202 203
162 1 202 203 204
163 1 203 204 205
164 1 204 205 206
165 1 205 206 207
166 1 206 207 208
167 1 207 208 209
168 1 208 209 210
169 1 211 212 213
170 1 212 213 214
171 1 213 214 215
172 1 214 215 216
173 1 215 216 217
174 1 216 217 218
175 1 217 218 219
176 1 218 219 220
177 1 221 222 223
178 1 222 223 224
179 1 223 224 225
180 1 224 225 226
181 1 225 226 227
182 1 226 227 228
183 1 227 228 229
184 1 228 229 230
185 1 231 232 233
186 1 232 233 234
187 1 233 234 235
188 1 234 235 236
189 1 235 236 237
190 1 236 237 238
191 1 237 238 239
192 1 238 239 240
193 1 241 242 243
194 1 242 243 244
195 1 243 244 245
196 1 244 245 246
197 1 245 246 247
198 1 246 247 248
199 1 247 248 249
200 1 248 249 250
201 1 251 252 253
202 1 252 253 254
203 1 253 254 255
204 1 254 255 256
205 1 255 256 257
206 1 256 257 258
207 1 257 258 259
208 1 258 259 260
209 1 261 262 263
210 1 262 263 264
211 1 263 264 265
212 1 264 265 266
213 1 265 266 267
214 1 266 267 268
215 1 267 268 269
216 1 268 269 270
217 1 271 272 273
218 1 272 273 274
219 1 273 274 275
220 1 274 275 276
221 1 275 276 277
222 1 276 277 278
223 1 277 278 279
224 1 278 279 280
225 1 281 282 283
226 1 282 283 284
227 1 283 284 285
228 1 284 285 286
229 1 285 286 287
230 1 286 287 288
231 1 287 288 289
232 1 288 289 290
233 1 291 292 293
234 1 292 293 294
235 1 293 294 295
236 1 294 295 296
237 1 295 296 297
238 1 296 297 298
239 1 297 298 299
240 1 298 299 300
241 1 301 302 303
242 1 302 303 304
243 1 303 304 305
244 1 304 305 306
245 1 305 306 307
246 1 306 307 308
247 1 307 308 309
248 1 308 309 310
249 1 311 312 313
250 1 312 313 314
251 1 313 314 315
252 1 314 315 316
253 1 315 316 317
254 1 316 317 318
255 1 317 318 319
256 1 318 319 320
257 1 321 322 323
258 1 322 323 324
259 1 323 324 325
260 1 324 325 326
261 1 325 326 327
262 1 326 327 328
263 1 327 328 329
264 1 328 329 330
265 1 331 332 333
266 1 332 333 334
267 1 333 334 335
268 1 334 335 336
269 1 335 336 337
270 1 336 337 338
271 1 337 338 339
272 1 338 339 340
273 1 341 342 343
274 1 342 343 344
275 1 343 344 345
276 1 344 345 346
277 1 345 346 347
278 1 346 347 348
279 1 347 348 349
280 1 348 349 350
281 1 351 352 353
282 1 352 353 354
283 1 353 354 355
284 1 354 355 356
285 1 355 356 357
286 1 356 357 358
287 1 357 358 359
288 1 358 359 360
289 1 361 362 363
290 1 362 363 364
291 1 363 364 365
292 1 364 365 366
293 1 365 366 367
294 1 366 367 368
295 1 367 368 369
296 1 368 369 370
297 1 371 372 373
298 1 372 373 374
299 1 373 374 375
300 1 374 375 376
301 1 375 376 377
302 1 376 377 378
303 1 377 378 379
304 1 378 379 380
305 1 381 382 383
306 1 382 383 384
307 1 383 384 385
308 1 384 385 386
309 1 385 386 387
310 1 386 387 388
311 1 387 388 389
312 1 388 389 390
313 1 391 392 393
314 1 392 393 394
315 1 393 394 395
316 1 394 395 396
317 1 395 396 397
318 1 396 397 398
319 1 397 398 399
320 1 398 399 400
321 1 401 402 403
322 1 402 403 404
323 1 403 404 405
324 1 404 405 406
325 1 405 406 407
326 1 406 407 408
327 1 407 408 409
328 1 408 409 410
329 1 411 412 413
330 1 412 413 414
331 1 413 414 415
332 1 414 415 416
333 1 415 416 417
334 1 416 417 418
335 1 417 418 419
336 1 418 419 420
337 1 421 422 423
338 1 422 423 424
339 1 423 424 425
340 1 424 425 426
341 1 425 426 427
342 1 426 427 428
343 1 427 428 429
344 1 428 429 430
345 1 431 432 433
346 1 432 433 434
347 1 433 434 435
348 1 434 435 436
349 1 435 436 437
350 1 436 437 438
351 1 437 438 439
352 1 438 439 440
353 1 441 442 443
354 1 442 443 444
355 1 443 444 445
356 1 444 445 446
357 1 445 446 447
358 1 446 447 448
359 1 447 448 449
360 1 448 449 450
361 1 451 452 453
362 1 452 453 454
363 1 453 454 455
364 1 454 455 456
365 1 455 456 457
366 1 456 457 458
367 1 457 458 459
368 1 458 459 460
369 1 461 462 463
370 1 462 463 464
371 1 463 464 465
372 1 464 465 466
373 1 465 466 467
374 1 466 467 468
375 1 467 468 469
376 1 468 469 470
377 1 471 472 473
378 1 472 473 474
379 1 473 474 475
380 1 474 475 476
381 1 475 476 477
382 1 476 477 478
383 1 477 478 479
384 1 478 479 480
385 1 481 482 483
386 1 482 483 484
387 1 483 484 485
388 1 484 485 486
389 1 485 486 487
390 1 486 487 488
391 1 487 488 489
392 1 488 489 490
393 1 491 492 493
394 1 492 493 494
395 1 493 494 495
396 1 494 495 496
397 1 495 496 497
398 1 496 497 498
399 1 497 498 499
400 1 498 499 500
401 1 501 502 503
402 1 502 503 504
403 1 503 504 505
404 1 504 505 506
405 1 505 506 507
406 1 506 507 508
407 1 507 508 509
408 1 508 509 510
409 1 511 512 513
410 1 512 513 514
411 1 513 514 515
412 1 514 515 516
413 1 515 516 517
414 1 516 517 518
415 1 517 518 519
416 1 518 519 520
417 1 521 522 523
418 1 522 523 524
419 1 523 524 525
420 1 524 525 526
421 1 525 526 527
422 1 526 527 528
423 1 527 528 529
424 1 528 529 530
425 1 531 532 533
426 1 532 533 534
427 1 533 534 535
428 1 534 535 536
429 1 535 536 537
430 1 536 537 538
431 1 537 538 539
432 1 538 539 540
433 1 541 542 543
434 1 542 543 544
435 1 543 544 545
436 1 544 545 546
437 1 545 546 547
438 1 546 547 548
439 1 547 548 549
440 1 548 549 550
441 1 551 552 553
442 1 552 553 554
443 1 553 554 555
444 1 554 555 556
445 1 555 556 557
446 1 556 557 558
447 1 557 558 559
448 1 558 559 560
449 1 561 562 563
450 1 562 563 564
451 1 563 564 565
452 1 564 565 566
453 1 565 566 567
454 1 566 567 568
455 1 567 568 569
456 1 568 569 570
457 1 571 572 573
458 1 572 573 574
459 1 573 574 575
460 1 574 575 576
461 1 575 576 577
462 1 576 577 578
463 1 577 578 579
464 1 578 579 580
465 1 581 582 583
466 1 582 583 584
467 1 583 584 585
468 1 584 585 586
469 1 585 586 587
470 1 586 587 588
471 1 587 588 589
472 1 588 589 590
473 1 591 592 593
474 1 592 593 594
475 1 593 594 595
476 1 594 595 596
477 1 595 596 597
478 1 596 597 598
479 1 597 598 599
480 1 598 599 600
481 1 601 602 603
482 1 602 603 604
483 1 603 604 605
484 1 604 605 606
485 1 605 606 607
486 1 606 607 608
487 1 607 608 609
488 1 608 609 610
489 1 611 612 613
490 1 612 613 614
491 1 613 614 615
492 1 614 615 616
493 1 615 616 617
494 1 616 617 618
495 1 617 618 619
496 1 618 619 620
497 1 621 622 623
498 1 622 623 624
499 1 623 624 625
500 1 624 625 626
501 1 625 626 627
502 1 626 627 628
503 1 627 628 629
504 1 628 629 630
505 1 631 632 633
506 1 632 633 634
507 1 633 634 635
508 1 634 635 636
509 1 635 636 637
510 1 636 637 638
511 1 637 638 639
512 1 638 639 640
513 1 641 642 643
514 1 642 643 644
515 1 643 644 645
516 1 644 645 646
517 1 645 646 647
518 1 646 647 648
519 1 647 648 649
520 1 648 649 650
521 1 651 652 653
522 1 652 653 654
523 1 653 654 655
524 1 654 655 656
525 1 655 656 657
526 1 656 657 658
527 1 657 658 659
528 1 658 659 660
529 1 661 662 663
530 1 662 663 664
531 1 663 664 665
532 1 664 665 666
533 1 665 666 667
534 1 666 667 668
535 1 667 668 669
536 1 668 669 670
537 1 671 672 673
538 1 672 673 674
539 1 673 674 675
540 1 674 675 676
541 1 675 676 677
542 1 676 677 678
543 1 677 678 679
544 1 678 679 680
545 1 681 682 683
546 1 682 683 684
547 1 683 684 685
548 1 684 685 686
549 1 685 686 687
550 1 686 687 688
551 1 687 688 689
552 1 688 689 690
553 1 691 692 693
554 1 692 693 694
555 1 693 694 695
556 1 694 695 696
557 1 695 696 697
558 1 696 697 698
559 1 697 698 699
560 1 698 699 700
561 1 701 702 703
562 1 702 703 704
563 1 703 704 705
564 1 704 705 706
565 1 705 706 707
566 1 706 707 708
567 1 707 708 709
568 1 708 709 710
569 1 711 712 713
570 1 712 713 714
571 1 713 714 715
572 1 714 715 716
573 1 715 716 717
574 1 716 717 718
575 1 717 718 719
576 1 718 719 720
577 1 721 722 723
578 1 722 723 724
579 1 723 724 725
580 1 724 725 726
581 1 725 726 727
582 1 726 727 728
583 1 727 728 729
584 1 728 729 730
585 1 731 732 733
586 1 732 733 734
587 1 733 734 735
588 1 734 735 736
589 1 735 736 737
590 1 736 737 738
591 1 737 738 739
592 1 738 739 740
593 1 741 742 743
594 1 742 743 744
595 1 743 744 745
596 1 744 745 746
597 1 745 746 747
598 1 746 747 748
599 1 747 748 749
600 1 748 749 750
601 1 751 752 753
602 1 752 753 754
603 1 753 754 755
604 1 754 755 756
605 1 755 756 757
606 1 756 757 758
607 1 757 758 759
608 1 758 759 760
609 1 761 762 763
610 1 762 763 764
611 1 763 764 765
612 1 764 765 766
613 1 765 766 767
614 1 766 767 768
615 1 767 768 769
616 1 768 769 770
617 1 771 772 773
618 1 772 773 774
619 1 773 774 775
620 1 774 775 776
621 1 775 776 777
622 1 776 777 778
623 1 777 778 779
624 1 778 779 780
625 1 781 782 783
626 1 782 783 784
627 1 783 784 785
628 1 784 785 786
629 1 785 786 787
630 1 786 787 788
631 1 787 788 789
632 1 788 789 790
633 1 791 792 793
634 1 792 793 794
635 1 793 794 795
636 1 794 795 796
637 1 795 796 797
638 1 796 797 798
639 1 797 798 799
640 1 798 799 800
641 2 801 802 803
642 2 802 803 804
643 2 803 804 805
644 2 804 805 806
645 2 805 806 807
646 2 806 807 808
647 2 807 808 809
648 2 808 809 810
649 2 811 812 813
650 2 812 813 814
651 2 813 814 815
652 2 814 815 816
653 2 815 816 817
654 2 816 817 818
655 2 817 818 819
656 2 818 819 820
657 2 821 822 823
658 2 822 823 824
659 2 823 824 825
660 2 824 825 826
661 2 825 826 827
662 2 826 827 828
663 2 827 828 829
664 2 828 829 830
665 2 831 832 833
666 2 832 833 834
667 2 833 834 835
668 2 834 835 836
669 2 835 836 837
670 2 836 837 838
671 2 837 838 839
672 2 838 839 840
673 2 841 842 843
674 2 842 843 844
675 2 843 844 845
676 2 844 845 846
677 2 845 846 847
678 2 846 847 848
679 2 847 848 849
680 2 848 849 850
681 2 851 852 853
682 2 852 853 854
683 2 853 854 855
684 2 854 855 856
685 2 855 856 857
686 2 856 857 858
687 2 857 858 859
688 2 858 859 860
689 2 861 862 863
690 2 862 863 864
691 2 863 864 865
692 2 864 865 866
693 2 865 866 867
694 2 866 867 868
695 2 867 868 869
696 2 868 869 870
697 2 871 872 873
698 2 872 873 874
699 2 873 874 875
700 2 874 875 876
701 2 875 876 877
702 2 876 877 878
703 2 877 878 879
704 2 878 879 880
705 2 881 882 883
706 2 882 883 884
707 2 883 884 885
708 2 884 885 886
709 2 885 886 887
710 2 886 887 888
711 2 887 888 889
712 2 888 889 890
713 2 891 892 893
714 2 892 893 894
715 2 893 894 895
716 2 894 895 896
717 2 895 896 897
718 2 896 897 898
719 2 897 898 899
720 2 898 899 900
721 2 901 902 903
722 2 902 903 904
723 2 903 904 905
724 2 904 905 906
725 2 905 906 907
726 2 906 907 908
727 2 907 908 909
728 2 908 909 910
729 2 911 912 913
730 2 912 913 914
731 2 913 914 915
732 2 914 915 916
733 2 915 916 917
734 2 916 917 918
735 2 917 918 919
736 2 918 919 920
737 2 921 922 923
738 2 922 923 924
739 2 923 924 925
740 2 924 925 926
741 2 925 926 927
742 2 926 927 928
743 2 927 928 929
744 2 928 929 930
745 2 931 932 933
746 2 932 933 934
747 2 933 934 935
748 2 934 935 936
749 2 935 936 937
750 2 936 937 938
751 2 937 938 939
752 2 938 939 940
753 2 941 942 943
754 2 942 943 944
755 2 943 944 945
756 2 944 945 946
757 2 945 946 947
758 2 946 947 948
759 2 947 948 949
760 2 948 949 950
761 2 951 952 953
762 2 952 953 954
763 2 953 954 955
764 2 954 955 956
765 2 955 956 957
766 2 956 957 958
767 2 957 958 959
768 2 958 959 960
769 2 961 962 963
770 2 962 963 964
771 2 963 964 965
772 2 964 965 966
773 2 965 966 967
774 2 966 967 968
775 2 967 968 969
776 2 968 969 970
777 2 971 972 973
778 2 972 973 974
779 2 973 974 975
780 2 974 975 976
781 2 975 976 977
782 2 976 977 978
783 2 977 978 979
784 2 978 979 980
785 2 981 982 983
786 2 982 983 984
787 2 983 984 985
788 2 984 985 986
789 2 985 986 987
790 2 986 987 988
791 2 987 988 989
792 2 988 989 990
793 2 991 992 993
794 2 992 993 994
795 2 993 994 995
796 2 994 995 996
797 2 995 996 997
798 2 996 997 998
799 2 997 998 999
800 2 998 999 1000
801 2 1001 1002 1003
802 2 1002 1003 1004
803 2 1003 1004 1005
804 2 1004 1005 1006
805 2 1005 1006 1007
806 2 1006 1007 1008
807 2 1007 1008 1009
808 2 1008 1009 1010
809 2 1011 1012 1013
810 2 1012 1013 1014
811 2 1013 1014 1015
812 2 1014 1015 1016
813 2 1015 1016 1017
814 2 1016 1017 1018
815 2 1017 1018 1019
816 2 1018 1019 1020
817 2 1021 1022 1023
818 2 1022 1023 1024
819 2 1023 1024 1025
820 2 1024 1025 1026
821 2 1025 1026 1027
822 2 1026 1027 1028
823 2 1027 1028 1029
824 2 1028 1029 1030
825 2 1031 1032 1033
826 2 1032 1033 1034
827 2 1033 1034 1035
828 2 1034 1035 1036
829 2 1035 1036 1037
830 2 1036 1037 1038
831 2 1037 1038 1039
832 2 1038 1039 1040
833 2 1041 1042 1043
834 2 1042 1043 1044
835 2 1043 1044 1045
836 2 1044 1045 1046
837 2 1045 1046 1047
838 2 1046 1047 1048
839 2 1047 1048 1049
840 2 1048 1049 1050
841 2 1051 1052 1053
842 2 1052 1053 1054
843 2 1053 1054 1055
844 2 1054 1055 1056
845 2 1055 1056 1057
846 2 1056 1057 1058
847 2 1057 1058 1059
848 2 1058 1059 1060
849 2 1061 1062 1063
850 2 1062 1063 1064
851 2 1063 1064 1065
852 2 1064 1065 1066
853 2 1065 1066 1067
854 2 1066 1067 1068
855 2 1067 1068 1069
856 2 1068 1069 1070
857 2 1071 1072 1073
858 2 1072 1073 1074
859 2 1073 1074 1075
860 2 1074 1075 1076
861 2 1075 1076 1077
862 2 1076 1077 1078
863 2 1077 1078 1079
864 2 1078 1079 1080
865 2 1081 1082 1083
866 2 1082 1083 1084
867 2 1083 1084 1085
868 2 1084 1085 1086
869 2 1085 1086 1087
870 2 1086 1087 1088
871 2 1087 1088 1089
872 2 1088 1089 1090
873 2 1091 1092 1093
874 2 1092 1093 1094
875 2 1093 1094 1095
876 2 1094 1095 1096
877 2 1095 1096 1097
878 2 1096 1097 1098
879 2 1097 1098 1099
880 2 1098 1099 1100
881 2 1101 1102 1103
882 2 1102 1103 1104
883 2 1103 1104 1105
884 2 1104 1105 1106
885 2 1105 1106 1107
886 2 1106 1107 1108
887 2 1107 1108 1109
888 2 1108 1109 1110
889 2 1111 1112 1113
890 2 1112 1113 1114
891 2 1113 1114 1115
892 2 1114 1115 1116
893 2 1115 1116 1117
894 2 1116 1117 1118
895 2 1117 1118 1119
896 2 1118 1119 1120
897 2 1121 1122 1123
898 2 1122 1123 1124
899 2 1123 1124 1125
900 2 1124 1125 1126
901 2 1125 1126 1127
902 2 1126 1127 1128
903 2 1127 1128 1129
904 2 1128 1129 1130
905 2 1131 1132 1133
906 2 1132 1133 1134
907 2 1133 1134 1135
908 2 1134 1135 1136
909 2 1135 1136 1137
910 2 1136 1137 1138
911 2 1137 1138 1139
912 2 1138 1139 1140
913 2 1141 1142 1143
914 2 1142 1143 1144
915 2 1143 1144 1145
916 2 1144 1145 1146
917 2 1145 1146 1147
918 2 1146 1147 1148
919 2 1147 1148 1149
920 2 1148 1149 1150
921 2 1151 1152 1153
922 2 1152 1153 1154
923 2 1153 1154 1155
924 2 1154 1155 1156
925 2 1155 1156 1157
926 2 1156 1157 1158
927 2 1157 1158 1159
928 2 1158 1159 1160
929 2 1161 1162 1163
930 2 1162 1163 1164
931 2 1163 1164 1165
932 2 1164 1165 1166
933 2 1165 1166 1167
934 2 1166 1167 1168
935 2 1167 1168 1169
936 2 1168 1169 1170
937 2 1171 1172 1173
938 2 1172 1173 1174
939 2 1173 1174 1175
940 2 1174 1175 1176
941 2 1175 1176 1177
942 2 1176 1177 1178
943 2 1177 1178 1179
944 2 1178 1179 1180
945 2 1181 1182 1183
946 2 1182 1183 1184
947 2 1183 1184 1185
948 2 1184 1185 1186
949 2 1185 1186 1187
950 2 1186 1187 1188
951 2 1187 1188 1189
952 2 1188 1189 1190
953 2 1191 1192 1193
954 2 1192 1193 1194
955 2 1193 1194 1195
956 2 1194 1195 1196
957 2 1195 1196 1197
958 2 1196 1197 1198
959 2 1197 1198 1199
960 2 1198 1199 1200
961 2 1201 1202 1203
962 2 1202 1203 1204
963 2 1203 1204 1205
964 2 1204 1205 1206
965 2 1205 1206 1207
966 2 1206 1207 1208
967 2 1207 1208 1209
968 2 1208 1209 1210
969 2 1211 1212 1213
970 2 1212 1213 1214
971 2 1213 1214 1215
972 2 1214 1215 1216
973 2 1215 1216 1217
974 2 1216 1217 1218
975 2 1217 1218 1219
976 2 1218 1219 1220
977 2 1221 1222 1223
978 2 1222 1223 1224
979 2 1223 1224 1225
980 2 1224 1225 1226
981 2 1225 1226 1227
982 2 1226 1227 1228
983 2 1227 1228 1229
984 2 1228 1229 1230
985 2 1231 1232 1233
986 2 1232 1233 1234
987 2 1233 1234 1235
988 2 1234 1235 1236
989 2 1235 1236 1237
990 2 1236 1237 1238
991 2 1237 1238 1239
992 2 1238 1239 1240
993 2 1241 1242 1243
994 2 1242 1243 1244
995 2 1243 1244 1245
996 2 1244 1245 1246
997 2 1245 1246 1247
998 2 1246 1247 1248
999 2 1247 1248 1249
1000 2 1248 1249 1250
1001 2 1251 1252 1253
1002 2 1252 1253 1254
1003 2 1253 1254 1255
1004 2 1254 1255 1256
1005 2 1255 1256 1257
1006 2 1256 1257 1258
1007 2 1257 1258 1259
1008 2 1258 1259 1260
1009 2 1261 1262 1263
1010 2 1262 1263 1264
1011 2 1263 1264 1265
1012 2 1264 1265 1266
1013 2 1265 1266 1267
1014 2 1266 1267 1268
1015 2 1267 1268 1269
1016 2 1268 1269 1270
1017 2 1271 1272 1273
1018 2 1272 1273 1274
1019 2 1273 1274 1275
1020 2 1274 1275 1276
1021 2 1275 1276 1277
1022 2 1276 1277 1278
1023 2 1277 1278 1279
1024 2 1278 1279 1280
1025 2 1281 1282 1283
1026 2 1282 1283 1284
1027 2 1283 1284 1285
1028 2 1284 1285 1286
1029 2 1285 1286 1287
1030 2 1286 1287 1288
1031 2 1287 1288 1289
1032 2 1288 1289 1290
1033 2 1291 1292 1293
1034 2 1292 1293 1294
1035 2 1293 1294 1295
1036 2 1294 1295 1296
1037 2 1295 1296 1297
1038 2 1296 1297 1298
1039 2 1297 1298 1299
1040 2 1298 1299 1300
1041 2 1301 1302 1303
1042 2 1302 1303 1304
1043 2 1303 1304 1305
1044 2 1304 1305 1306
1045 2 1305 1306 1307
1046 2 1306 1307 1308
1047 2 1307 1308 1309
1048 2 1308 1309 1310
1049 2 1311 1312 1313
1050 2 1312 1313 1314
1051 2 1313 1314 1315
1052 2 1314 1315 1316
1053 2 1315 1316 1317
1054 2 1316 1317 1318
1055 2 1317 1318 1319
1056 2 1318 1319 1320
1057 2 1321 1322 1323
1058 2 1322 1323 1324
1059 2 1323 1324 1325
1060 2 1324 1325 1326
1061 2 1325 1326 1327
1062 2 1326 1327 1328
1063 2 1327 1328 1329
1064 2 1328 1329 1330
1065 2 1331 1332 1333
1066 2 1332 1333 1334
1067 2 1333 1334 1335
1068 2 1334 1335 1336
1069 2 1335 1336 1337
1070 2 1336 1337 1338
1071 2 1337 1338 1339
1072 2 1338 1339 1340
1073 2 1341 1342 1343
1074 2 1342 1343 1344
1075 2 1343 1344 1345
1076 2 1344 1345 1346
1077 2 1345 1346 1347
1078 2 1346 1347 1348
1079 2 1347 1348 1349
1080 2 1348 1349 1350
1081 2 1351 1352 1353
1082 2 1352 1353 1354
1083 2 1353 1354 1355
1084 2 1354 1355 1356
1085 2 1355 1356 1357
1086 2 1356 1357 1358
1087 2 1357 1358 1359
1088 2 1358 1359 1360
1089 2 1361 1362 1363
1090 2 1362 1363 1364
1091 2 1363 1364 1365
1092 2 1364 1365 1366
1093 2 1365 1366 1367
1094 2 1366 1367 1368
1095 2 1367 1368 1369
1096 2 1368 1369 1370
1097 2 1371 1372 1373
1098 2 1372 1373 1374
1099 2 1373 1374 1375
1100 2 1374 1375 1376
1101 2 1375 1376 1377
1102 2 1376 1377 1378
1103 2 1377 1378 1379
1104 2 1378 1379 1380
1105 2 1381 1382 1383
1106 2 1382 1383 1384
1107 2 1383 1384 1385
1108 2 1384 1385 1386
1109 2 1385 1386 1387
1110 2 1386 1387 1388
1111 2 1387 1388 1389
1112 2 1388 1389 1390
1113 2 1391 1392 1393
1114 2 1392 1393 1394
1115 2 1393 1394 1395
1116 2 1394 1395 1396
1117 2 1395 1396 1397
1118 2 1396 1397 1398
1119 2 1397 1398 1399
1120 2 1398 1399 1400
1121 2 1401 1402 1403
1122 2 1402 1403 1404
1123 2 1403 1404 1405
1124 2 1404 1405 1406
1125 2 1405 1406 1407
1126 2 1406 1407 1408
1127 2 1407 1408 1409
1128 2 1408 1409 1410
1129 2 1411 1412 1413
1130 2 1412 1413 1414
1131 2 1413 1414 1415
1132 2 1414 1415 1416
1133 2 1415 1416 1417
1134 2 1416 1417 1418
1135 2 1417 1418 1419
1136 2 1418 1419 1420
1137 2 1421 1422 1423
1138 2 1422 1423 1424
1139 2 1423 1424 1425
1140 2 1424 1425 1426
1141 2 1425 1426 1427
1142 2 1426 1427 1428
1143 2 1427 1428 1429
1144 2 1428 1429 1430
1145 2 1431 1432 1433
1146 2 1432 1433 1434
1147 2 1433 1434 1435
1148 2 1434 1435 1436
1149 2 1435 1436 1437
1150 2 1436 1437 1438
1151 2 1437 1438 1439
1152 2 1438 1439 1440
1153 2 1441 1442 1443
1154 2 1442 1443 1444
1155 2 1443 1444 1445
1156 2 1444 1445 1446
1157 2 1445 1446 1447
1158 2 1446 1447 1448
1159 2 1447 1448 1449
1160 2 1448 1449 1450
1161 2 1451 1452 1453
1162 2 1452 1453 1454
1163 2 1453 1454 1455
1164 2 1454 1455 1456
1165 2 1455 1456 1457
1166 2 1456 1457 1458
1167 2 1457 1458 1459
1168 2 1458 1459 1460
1169 2 1461 1462 1463
1170 2 1462 1463 1464
1171 2 1463 1464 1465
1172 2 1464 1465 1466
1173 2 1465 1466 1467
1174 2 1466 1467 1468
1175 2 1467 1468 1469
1176 2 1468 1469 1470
1177 2 1471 1472 1473
1178 2 1472 1473 1474
1179 2 1473 1474 1475
1180 2 1474 1475 1476
1181 2 1475 1476 1477
1182 2 1476 1477 1478
1183 2 1477 1478 1479
1184 2 1478 1479 1480
1185 2 1481 1482 1483
1186 2 1482 1483 1484
1187 2 1483 1484 1485
1188 2 1484 1485 1486
1189 2 1485 1486 1487
1190 2 1486 1487 1488
1191 2 1487 1488 1489
1192 2 1488 1489 1490
1193 2 1491 1492 1493
1194 2 1492 1493 1494
1195 2 1493 1494 1495
1196 2 1494 1495 1496
1197 2 1495 1496 1497
1198 2 1496 1497 1498
1199 2 1497 1498 1499
1200 2 1498 1499 1500
1201 2 1501 1502 1503
1202 2 1502 1503 1504
1203 2 1503 1504 1505
1204 2 1504 1505 1506
1205 2 1505 1506 1507
1206 2 1506 1507 1508
1207 2 1507 1508 1509
1208 2 1508 1509 1510
1209 2 1511 1512 1513
1210 2 1512 1513 1514
1211 2 1513 1514 1515
1212 2 1514 1515 1516
1213 2 1515 1516 1517
1214 2 1516 1517 1518
1215 2 1517 1518 1519
1216 2 1518 1519 1520
1217 2 1521 1522 1523
1218 2 1522 1523 1524
1219 2 1523 1524 1525
1220 2 1524 1525 1526
1221 2 1525 1526 1527
1222 2 1526 1527 1528
1223 2 1527 1528 1529
1224 2 1528 1529 1530
1225 2 1531 1532 1533
1226 2 1532 1533 1534
1227 2 1533 1534 1535
1228 2 1534 1535 1536
1229 2 1535 1536 1537
1230 2 1536 1537 1538
1231 2 1537 1538 1539
1232 2 1538 1539 1540
1233 2 1541 1542 1543
1234 2 1542 1543 1544
1235 2 1543 1544 1545
1236 2 1544 1545 1546
1237 2 1545 1546 1547
1238 2 1546 1547 1548
1239 2 1547 1548 1549
1240 2 1548 1549 1550
1241 2 1551 1552 1553
1242 2 1552 1553 1554
1243 2 1553 1554 1555
1244 2 1554 1555 1556
1245 2 1555 1556 1557
1246 2 1556 1557 1558
1247 2 1557 1558 1559
1248 2 1558 1559 1560
1249 2 1561 1562 1563
1250 2 1562 1563 1564
1251 2 1563 1564 1565
1252 2 1564 1565 1566
1253 2 1565 1566 1567
1254 2 1566 1567 1568
1255 2 1567 1568 1569
1256 2 1568 1569 1570
1257 2 1571 1572 1573
1258 2 1572 1573 1574
1259 2 1573 1574 1575
1260 2 1574 1575 1576
1261 2 1575 1576 1577
1262 2 1576 1577 1578
1263 2 1577 1578 1579
1264 2 1578 1579 1580
1265 2 1581 1582 1583
1266 2 1582 1583 1584
1267 2 1583 1584 1585
1268 2 1584 1585 1586
1269 2 1585 1586 1587
1270 2 1586 1587 1588
1271 2 1587 1588 1589
1272 2 1588 1589 1590
1273 2 1591 1592 1593
1274 2 1592 1593 1594
1275 2 1593 1594 1595
1276 2 1594 1595 1596
1277 2 1595 1596 1597
1278 2 1596 1597 1598
1279 2 1597 1598 1599
1280 2 1598 1599 1600
1281 2 1601 1602 1603
1282 2 1602 1603 1604
1283 2 1603 1604 1605
1284 2 1604 1605 1606
1285 2 1605 1606 1607
1286 2 1606 1607 1608
1287 2 1607 1608 1609
1288 2 1608 1609 1610
1289 2 1611 1612 1613
1290 2 1612 1613 1614
1291 2 1613 1614 1615
1292 2 1614 1615 1616
1293 2 1615 1616 1617
1294 2 1616 1617 1618
1295 2 1617 1618 1619
1296 2 1618 1619 1620
1297 2 1621 1622 1623
1298 2 1622 1623 1624
1299 2 1623 1624 1625
1300 2 1624 1625 1626
1301 2 1625 1626 1627
1302 2 1626 1627 1628
1303 2 1627 1628 1629
1304 2 1628 1629 1630
1305 2 1631 1632 1633
1306 2 1632 1633 1634
1307 2 1633 1634 1635
1308 2 1634 1635 1636
1309 2 1635 1636 1637
1310 2 1636 1637 1638
1311 2 1637 1638 1639
1312 2 1638 1639 1640
1313 2 1641 1642 1643
1314 2 1642 1643 1644
1315 2 1643 1644 1645
1316 2 1644 1645 1646
1317 2 1645 1646 1647
1318 2 1646 1647 1648
1319 2 1647 1648 1649
1320 2 1648 1649 1650
1321 2 1651 1652 1653
1322 2 1652 1653 1654
1323 2 1653 1654 1655
1324 2 1654 1655 1656
1325 2 1655 1656 1657
1326 2 1656 1657 1658
1327 2 1657 1658 1659
1328 2 1658 1659 1660
1329 2 1661 1662 1663
1330 2 1662 1663 1664
1331 2 1663 1664 1665
1332 2 1664 1665 1666
1333 2 1665 1666 1667
1334 2 1666 1667 1668
1335 2 1667 1668 1669
1336 2 1668 1669 1670
1337 2 1671 1672 1673
1338 2 1672 1673 1674
1339 2 1673 1674 1675
1340 2 1674 1675 1676
1341 2 1675 1676 1677
1342 2 1676 1677 1678
1343 2 1677 1678 1679
1344 2 1678 1679 1680
1345 2 1681 1682 1683
1346 2 1682 1683 1684
1347 2 1683 1684 1685
1348 2 1684 1685 1686
1349 2 1685 1686 1687
1350 2 1686 1687 1688
1351 2 1687 1688 1689
1352 2 1688 1689 1690
1353 2 1691 1692 1693
1354 2 1692 1693 1694
1355 2 1693 1694 1695
1356 2 1694 1695 1696
1357 2 1695 1696 1697
1358 2 1696 1697 1698
1359 2 1697 1698 1699
1360 2 1698 1699 1700
1361 2 1701 1702 1703
1362 2 1702 1703 1704
1363 2 1703 1704 1705
1364 2 1704 1705 1706
1365 2 1705 1706 1707
1366 2 1706 1707 1708
1367 2 1707 1708 1709
1368 2 1708 1709 1710
1369 2 1711 1712 1713
1370 2 1712 1713 1714
1371 2 1713 1714 1715
1372 2 1714 1715 1716
1373 2 1715 1716 1717
1374 2 1716 1717 1718
1375 2 1717 1718 1719
1376 2 1718 1719 1720
1377 2 1721 1722 1723
1378 2 1722 1723 1724
1379 2 1723 1724 1725
1380 2 1724 1725 1726
1381 2 1725 1726 1727
1382 2 1726 1727 1728
1383 2 1727 1728 1729
1384 2 1728 1729 1730
1385 2 1731 1732 1733
1386 2 1732 1733 1734
1387 2 1733 1734 1735
1388 2 1734 1735 1736
1389 2 1735 1736 1737
1390 2 1736 1737 1738
1391 2 1737 1738 1739
1392 2 1738 1739 1740
1393 2 1741 1742 1743
1394 2 1742 1743 1744
1395 2 1743 1744 1745
1396 2 1744 1745 1746
1397 2 1745 1746 1747
1398 2 1746 1747 1748
1399 2 1747 1748 1749
1400 2 1748 1749 1750
1401 2 1751 1752 1753
1402 2 1752 1753 1754
1403 2 1753 1754 1755
1404 2 1754 1755 1756
1405 2 1755 1756 1757
1406 2 1756 1757 1758
1407 2 1757 1758 1759
1408 2 1758 1759 1760
1409 2 1761 1762 1763
1410 2 1762 1763 1764
1411 2 1763 1764 1765
1412 2 1764 1765 1766
1413 2 1765 1766 1767
1414 2 1766 1767 1768
1415 2 1767 1768 1769
1416 2 1768 1769 1770
1417 2 1771 1772 1773
1418 2 1772 1773 1774
1419 2 1773 1774 1775
1420 2 1774 1775 1776
1421 2 1775 1776 1777
1422 2 1776 1777 1778
1423 2 1777 1778 1779
1424 2 1778 1779 1780
1425 2 1781 1782 1783
1426 2 1782 1783 1784
1427 2 1783 1784 1785
1428 2 1784 1785 1786
1429 2 1785 1786 1787
1430 2 1786 1787 1788
1431 2 1787 1788 1789
1432 2 1788 1789 1790
1433 2 1791 1792 1793
1434 2 1792 1793 1794
1435 2 1793 1794 1795
1436 2 1794 1795 1796
1437 2 1795 1796 1797
1438 2 1796 1797 1798
1439 2 1797 1798 1799
1440 2 1798 1799 1800
1441 2 1801 1802 1803
1442 2 1802 1803 1804
1443 2 1803 1804 1805
1444 2 1804 1805 1806
1445 2 1805 1806 1807
1446 2 1806 1807 1808
1447 2 1807 1808 1809
1448 2 1808 1809 1810
1449 2 1811 1812 1813
1450 2 1812 1813 1814
1451 2 1813 1814 1815
1452 2 1814 1815 1816
1453 2 1815 1816 1817
1454 2 1816 1817 1818
1455 2 1817 1818 1819
1456 2 1818 1819 1820
1457 2 1821 1822 1823
1458 2 1822 1823 1824
1459 2 1823 1824 1825
1460 2 1824 1825 1826
1461 2 1825 1826 1827
1462 2 1826 1827 1828
1463 2 1827 1828 1829
1464 2 1828 1829 1830
1465 2 1831 1832 1833
1466 2 1832 1833 1834
1467 2 1833 1834 1835
1468 2 1834 1835 1836
1469 2 1835 1836 1837
1470 2 1836 1837 1838
1471 2 1837 1838 1839
1472 2 1838 1839 1840
1473 2 1841 1842 1843
1474 2 1842 1843 1844
1475 2 1843 1844 1845
1476 2 1844 1845 1846
1477 2 1845 1846 1847
1478 2 1846 1847 1848
1479 2 1847 1848 1849
1480 2 1848 1849 1850
1481 2 1851 1852 1853
1482 2 1852 1853 1854
1483 2 1853 1854 1855
1484 2 1854 1855 1856
1485 2 1855 1856 1857
1486 2 1856 1857 1858
1487 2 1857 1858 1859
1488 2 1858 1859 1860
1489 2 1861 1862 1863
1490 2 1862 1863 1864
1491 2 1863 1864 1865
1492 2 1864 1865 1866
1493 2 1865 1866 1867
1494 2 1866 1867 1868
1495 2 1867 1868 1869
1496 2 1868 1869 1870
1497 2 1871 1872 1873
1498 2 1872 1873 1874
1499 2 1873 1874 1875
1500 2 1874 1875 1876
1501 2 1875 1876 1877
1502 2 1876 1877 1878
1503 2 1877 1878 1879
1504 2 1878 1879 1880
1505 2 1881 1882 1883
1506 2 1882 1883 1884
1507 2 1883 1884 1885
1508 2 1884 1885 1886
1509 2 1885 1886 1887
1510 2 1886 1887 1888
1511 2 1887 1888 1889
1512 2 1888 1889 1890
1513 2 1891 1892 1893
1514 2 1892 1893 1894
1515 2 1893 1894 1895
1516 2 1894 1895 1896
1517 2 1895 1896 1897
1518 2 1896 1897 1898
1519 2 1897 1898 1899
1520 2 1898 1899 1900
1521 2 1901 1902 1903
1522 2 1902 1903 1904
1523 2 1903 1904 1905
1524 2 1904 1905 1906
1525 2 1905 1906 1907
1526 2 1906 1907 1908
1527 2 1907 1908 1909
1528 2 1908 1909 1910
1529 2 1911 1912 1913
1530 2 1912 1913 1914
1531 2 1913 1914 1915
1532 2 1914 1915 1916
1533 2 1915 1916 1917
1534 2 1916 1917 1918
1535 2 1917 1918 1919
1536 2 1918 1919 1920
1537 2 1921 1922 1923
1538 2 1922 1923 1924
1539 2 1923 1924 1925
1540 2 1924 1925 1926
1541 2 1925 1926 1927
1542 2 1926 1927 1928
1543 2 1927 1928 1929
1544 2 1928 1929 1930
1545 2 1931 1932 1933
1546 2 1932 1933 1934
1547 2 1933 1934 1935
1548 2 1934 1935 1936
1549 2 1935 1936 1937
1550 2 1936 1937 1938
1551 2 1937 1938 1939
1552 2 1938 1939 1940
1553 2 1941 1942 1943
1554 2 1942 1943 1944
1555 2 1943 1944 1945
1556 2 1944 1945 1946
1557 2 1945 1946 1947
1558 2 1946 1947 1948
1559 2 1947 1948 1949
1560 2 1948 1949 1950
1561 2 1951 1952 1953
1562 2 1952 1953 1954
1563 2 1953 1954 1955
1564 2 1954 1955 1956
1565 2 1955 1956 1957
1566 2 1956 1957 1958
1567 2 1957 1958 1959
1568 2 1958 1959 1960
1569 2 1961 1962 1963
1570 2 1962 1963 1964
1571 2 1963 1964 1965
1572 2 1964 1965 1966
1573 2 1965 1966 1967
1574 2 1966 1967 1968
1575 2 1967 1968 1969
1576 2 1968 1969 1970
1577 2 1971 1972 1973
1578 2 1972 1973 1974
1579 2 1973 1974 1975
1580 2 1974 1975 1976
1581 2 1975 1976 1977
1582 2 1976 1977 1978
1583 2 1977 1978 1979
1584 2 1978 1979 1980
1585 2 1981 1982 1983
1586 2 1982 1983 1984
1587 2 1983 1984 1985
1588 2 1984 1985 1986
1589 2 1985 1986 1987
1590 2 1986 1987 1988
1591 2 1987 1988 1989
1592 2 1988 1989 1990
1593 2 1991 1992 1993
1594 2 1992 1993 1994
1595 2 1993 1994 1995
1596 2 1994 1995 1996
1597 2 1995 1996 1997
1598 2 1996 1997 1998
1599 2 1997 1998 1999
1600 2 1998 1999 2000
1601 2 2001 2002 2003
1602 2 2002 2003 2004
1603 2 2003 2004 2005
1604 2 2004 2005 2006
1605 2 2005 2006 2007
1606 2 2006 2007 2008
1607 2 2007 2008 2009
1608 2 2008 2009 2010
1609 2 2011 2012 2013
1610 2 2012 2013 2014
1611 2 2013 2014 2015
1612 2 2014 2015 2016
1613 2 2015 2016 2017
1614 2 2016 2017 2018
1615 2 2017 2018 2019
1616 2 2018 2019 2020
1617 2 2021 2022 2023
1618 2 2022 2023 2024
1619 2 2023 2024 2025
1620 2 2024 2025 2026
1621 2 2025 2026 2027
1622 2 2026 2027 2028
1623 2 2027 2028 2029
1624 2 2028 2029 2030
1625 2 2031 2032 2033
1626 2 2032 2033 2034
1627 2 2033 2034 2035
1628 2 2034 2035 2036
1629 2 2035 2036 2037
1630 2 2036 2037 2038
1631 2 2037 2038 2039
1632 2 2038 2039 2040
1633 2 2041 2042 2043
1634 2 2042 2043 2044
1635 2 2043 2044 2045
1636 2 2044 2045 2046
1637 2 2045 2046 2047
1638 2 2046 2047 2048
1639 2 2047 2048 2049
1640 2 2048 2049 2050
1641 2 2051 2052 2053
1642 2 2052 2053 2054
1643 2 2053 2054 2055
1644 2 2054 2055 2056
1645 2 2055 2056 2057
1646 2 2056 2057 2058
1647 2 2057 2058 2059
1648 2 2058 2059 2060
1649 2 2061 2062 2063
1650 2 2062 2063 2064
1651 2 2063 2064 2065
1652 2 2064 2065 2066
1653 2 2065 2066 2067
1654 2 2066 2067 2068
1655 2 2067 2068 2069
1656 2 2068 2069 2070
1657 2 2071 2072 2073
1658 2 2072 2073 2074
1659 2 2073 2074 2075
1660 2 2074 2075 2076
1661 2 2075 2076 2077
1662 2 2076 2077 2078
1663 2 2077 2078 2079
1664 2 2078 2079 2080
1665 2 2081 2082 2083
1666 2 2082 2083 2084
1667 2 2083 2084 2085
1668 2 2084 2085 2086
1669 2 2085 2086 2087
1670 2 2086 2087 2088
1671 2 2087 2088 2089
1672 2 2088 2089 2090
1673 2 2091 2092 2093
1674 2 2092 2093 2094
1675 2 2093 2094 2095
1676 2 2094 2095 2096
1677 2 2095 2096 2097
1678 2 2096 2097 2098
1679 2 2097 2098 2099
1680 2 2098 2099 2100
1681 2 2101 2102 2103
1682 2 2102 2103 2104
1683 2 2103 2104 2105
1684 2 2104 2105 2106
1685 2 2105 2106 2107
1686 2 2106 2107 2108
1687 2 2107 2108 2109
1688 2 2108 2109 2110
1689 2 2111 2112 2113
1690 2 2112 2113 2114
1691 2 2113 2114 2115
1692 2 2114 2115 2116
1693 2 2115 2116 2117
1694 2 2116 2117 2118
1695 2 2117 2118 2119
1696 2 2118 2119 2120
1697 2 2121 2122 2123
1698 2 2122 2123 2124
1699 2 2123 2124 2125
1700 2 2124 2125 2126
1701 2 2125 2126 2127
1702 2 2126 2127 2128
1703 2 2127 2128 2129
1704 2 2128 2129 2130
1705 2 2131 2132 2133
1706 2 2132 2133 2134
1707 2 2133 2134 2135
1708 2 2134 2135 2136
1709 2 2135 2136 2137
1710 2 2136 2137 2138
1711 2 2137 2138 2139
1712 2 2138 2139 2140
1713 2 2141 2142 2143
1714 2 2142 2143 2144
1715 2 2143 2144 2145
1716 2 2144 2145 2146
1717 2 2145 2146 2147
1718 2 2146 2147 2148
1719 2 2147 2148 2149
1720 2 2148 2149 2150
1721 2 2151 2152 2153
1722 2 2152 2153 2154
1723 2 2153 2154 2155
1724 2 2154 2155 2156
1725 2 2155 2156 2157
1726 2 2156 2157 2158
1727 2 2157 2158 2159
1728 2 2158 2159 2160
1729 2 2161 2162 2163
1730 2 2162 2163 2164
1731 2 2163 2164 2165
1732 2 2164 2165 2166
1733 2 2165 2166 2167
1734 2 2166 2167 2168
1735 2 2167 2168 2169
1736 2 2168 2169 2170
1737 2 2171 2172 2173
1738 2 2172 2173 2174
1739 2 2173 2174 2175
1740 2 2174 2175 2176
1741 2 2175 2176 2177
1742 2 2176 2177 2178
1743 2 2177 2178 2179
1744 2 2178 2179 2180
1745 2 2181 2182 2183
1746 2 2182 2183 2184
1747 2 2183 2184 2185
1748 2 2184 2185 2186
1749 2 2185 2186 2187
1750 2 2186 2187 2188
1751 2 2187 2188 2189
1752 2 2188 2189 2190
1753 2 2191 2192 2193
1754 2 2192 2193 2194
1755 2 2193 2194 2195
1756 2 2194 2195 2196
1757 2 2195 2196 2197
1758 2 2196 2197 2198
1759 2 2197 2198 2199
1760 2 2198 2199 2200
1761 2 2201 2202 2203
1762 2 2202 2203 2204
1763 2 2203 2204 2205
1764 2 2204 2205 2206
1765 2 2205 2206 2207
1766 2 2206 2207 2208
1767 2 2207 2208 2209
1768 2 2208 2209 2210
1769 2 2211 2212 2213
1770 2 2212 2213 2214
1771 2 2213 2214 2215
1772 2 2214 2215 2216
1773 2 2215 2216 2217
1774 2 2216 2217 2218
1775 2 2217 2218 2219
1776 2 2218 2219 2220
1777 2 2221 2222 2223
1778 2 2222 2223 2224
1779 2 2223 2224 2225
1780 2 2224 2225 2226
1781 2 2225 2226 2227
1782 2 2226 2227 2228
1783 2 2227 2228 2229
1784 2 2228 2229 2230
1785 2 2231 2232 2233
1786 2 2232 2233 2234
1787 2 2233 2234 2235
1788 2 2234 2235 2236
1789 2 2235 2236 2237
1790 2 2236 2237 2238
1791 2 2237 2238 2239
1792 2 2238 2239 2240
1793 2 2241 2242 2243
1794 2 2242 2243 2244
1795 2 2243 2244 2245
1796 2 2244 2245 2246
1797 2 2245 2246 2247
1798 2 2246 2247 2248
1799 2 2247 2248 2249
1800 2 2248 2249 2250
1801 2 2251 2252 2253
1802 2 2252 2253 2254
1803 2 2253 2254 2255
1804 2 2254 2255 2256
1805 2 2255 2256 2257
1806 2 2256 2257 2258
1807 2 2257 2258 2259
1808 2 2258 2259 2260
1809 2 2261 2262 2263
1810 2 2262 2263 2264
1811 2 2263 2264 2265
1812 2 2264 2265 2266
1813 2 2265 2266 2267
1814 2 2266 2267 2268
1815 2 2267 2268 2269
1816 2 2268 2269 2270
1817 2 2271 2272 2273
1818 2 2272 2273 2274
1819 2 2273 2274 2275
1820 2 2274 2275 2276
1821 2 2275 2276 2277
1822 2 2276 2277 2278
1823 2 2277 2278 2279
1824 2 2278 2279 2280
1825 2 2281 2282 2283
1826 2 2282 2283 2284
1827 2 2283 2284 2285
1828 2 2284 2285 2286
1829 2 2285 2286 2287
1830 2 2286 2287 2288
1831 2 2287 2288 2289
1832 2 2288 2289 2290
1833 2 2291 2292 2293
1834 2 2292 2293 2294
1835 2 2293 2294 2295
1836 2 2294 2295 2296
1837 2 2295 2296 2297
1838 2 2296 2297 2298
1839 2 2297 2298 2299
1840 2 2298 2299 2300
1841 2 2301 2302 2303
1842 2 2302 2303 2304
1843 2 2303 2304 2305
1844 2 2304 2305 2306
1845 2 2305 2306 2307
1846 2 2306 2307 2308
1847 2 2307 2308 2309
1848 2 2308 2309 2310
1849 2 2311 2312 2313
1850 2 2312 2313 2314
1851 2 2313 2314 2315
1852 2 2314 2315 2316
1853 2 2315 2316 2317
1854 2 2316 2317 2318
1855 2 2317 2318 2319
1856 2 2318 2319 2320
1857 2 2321 2322 2323
1858 2 2322 2323 2324
1859 2 2323 2324 2325
1860 2 2324 2325 2326
1861 2 2325 2326 2327
1862 2 2326 2327 2328
1863 2 2327 2328 2329
1864 2 2328 2329 2330
1865 2 2331 2332 2333
1866 2 2332 2333 2334
1867 2 2333 2334 2335
1868 2 2334 2335 2336
1869 2 2335 2336 2337
1870 2 2336 2337 2338
1871 2 2337 2338 2339
1872 2 2338 2339 2340
1873 2 2341 2342 2343
1874 2 2342 2343 2344
1875 2 2343 2344 2345
1876 2 2344 2345 2346
1877 2 2345 2346 2347
1878 2 2346 2347 2348
1879 2 2347 2348 2349
1880 2 2348 2349 2350
1881 2 2351 2352 2353
1882 2 2352 2353 2354
1883 2 2353 2354 2355
1884 2 2354 2355 2356
1885 2 2355 2356 2357
1886 2 2356 2357 2358
1887 2 2357 2358 2359
1888 2 2358 2359 2360
1889 2 2361 2362 2363
1890 2 2362 2363 2364
1891 2 2363 2364 2365
1892 2 2364 2365 2366
1893 2 2365 2366 2367
1894 2 2366 2367 2368
1895 2 2367 2368 2369
1896 2 2368 2369 2370
1897 2 2371 2372 2373
1898 2 2372 2373 2374
1899 2 2373 2374 2375
1900 2 2374 2375 2376
1901 2 2375 2376 2377
1902 2 2376 2377 2378
1903 2 2377 2378 2379
1904 2 2378 2379 2380
1905 2 2381 2382 2383
1906 2 2382 2383 2384
1907 2 2383 2384 2385
1908 2 2384 2385 2386
1909 2 2385 2386 2387
1910 2 2386 2387 2388
1911 2 2387 2388 2389
1912 2 2388 2389 2390
1913 2 2391 2392 2393
1914 2 2392 2393 2394
1915 2 2393 2394 2395
1916 2 2394 2395 2396
1917 2 2395 2396 2397
1918 2 2396 2397 2398
1919 2 2397 2398 2399
1920 2 2398 2399 2400
1921 2 2401 2402 2403
1922 2 2402 2403 2404
1923 2 2403 2404 2405
1924 2 2404 2405 2406
1925 2 2405 2406 2407
1926 2 2406 2407 2408
1927 2 2407 2408 2409
1928 2 2408 2409 2410
1929 2 2411 2412 2413
1930 2 2412 2413 2414
1931 2 2413 2414 2415
1932 2 2414 2415 2416
1933 2 2415 2416 2417
1934 2 2416 2417 2418
1935 2 2417 2418 2419
1936 2 2418 2419 2420
1937 2 2421 2422 2423
1938 2 2422 2423 2424
1939 2 2423 2424 2425
1940 2 2424 2425 2426
1941 2 2425 2426 2427
1942 2 2426 2427 2428
1943 2 2427 2428 2429
1944 2 2428 2429 2430
1945 2 2431 2432 2433
1946 2 2432 2433 2434
1947 2 2433 2434 2435
1948 2 2434 2435 2436
1949 2 2435 2436 2437
1950 2 2436 2437 2438
1951 2 2437 2438 2439
1952 2 2438 2439 2440
1953 2 2441 2442 2443
1954 2 2442 2443 2444
1955 2 2443 2444 2445
1956 2 2444 2445 2446
1957 2 2445 2446 2447
1958 2 2446 2447 2448
1959 2 2447 2448 2449
1960 2 2448 2449 2450
1961 2 2451 2452 2453
1962 2 2452 2453 2454
1963 2 2453 2454 2455
1964 2 2454 2455 2456
1965 2 2455 2456 2457
1966 2 2456 2457 2458
1967 2 2457 2458 2459
1968 2 2458 2459 2460
1969 2 2461 2462 2463
1970 2 2462 2463 2464
1971 2 2463 2464 2465
1972 2 2464 2465 2466
1973 2 2465 2466 2467
1974 2 2466 2467 2468
1975 2 2467 2468 2469
1976 2 2468 2469 2470
1977 2 2471 2472 2473
1978 2 2472 2473 2474
1979 2 2473 2474 2475
1980 2 2474 2475 2476
1981 2 2475 2476 2477
1982 2 2476 2477 2478
1983 2 2477 2478 2479
1984 2 2478 2479 2480
1985 2 2481 2482 2483
1986 2 2482 2483 2484
1987 2 2483 2484 2485
1988 2 2484 2485 2486
1989 2 2485 2486 2487
1990 2 2486 2487 2488
1991 2 2487 2488 2489
1992 2 2488 2489 2490
1993 2 2491 2492 2493
1994 2 2492 2493 2494
1995 2 2493 2494 2495
1996 2 2494 2495 2496
1997 2 2495 2496 2497
1998 2 2496 2497 2498
1999 2 2497 2498 2499
2000 2 2498 2499 2500
2001 2 2501 2502 2503
2002 2 2502 2503 2504
2003 2 2503 2504 2505
2004 2 2504 2505 2506
2005 2 2505 2506 2507
2006 2 2506 2507 2508
2007 2 2507 2508 2509
2008 2 2508 2509 2510
2009 2 2511 2512 2513
2010 2 2512 2513 2514
2011 2 2513 2514 2515
2012 2 2514 2515 2516
2013 2 2515 2516 2517
2014 2 2516 2517 2518
2015 2 2517 2518 2519
2016 2 2518 2519 2520
2017 2 2521 2522 2523
2018 2 2522 2523 2524
2019 2 2523 2524 2525
2020 2 2524 2525 2526
2021 2 2525 2526 2527
2022 2 2526 2527 2528
2023 2 2527 2528 2529
2024 2 2528 2529 2530
2025 2 2531 2532 2533
2026 2 2532 2533 2534
2027 2 2533 2534 2535
2028 2 2534 2535 2536
2029 2 2535 2536 2537
2030 2 2536 2537 2538
2031 2 2537 2538 2539
2032 2 2538 2539 2540
2033 2 2541 2542 2543
2034 2 2542 2543 2544
2035 2 2543 2544 2545
2036 2 2544 2545 2546
2037 2 2545 2546 2547
2038 2 2546 2547 2548
2039 2 2547 2548 2549
2040 2 2548 2549 2550
2041 2 2551 2552 2553
2042 2 2552 2553 2554
2043 2 2553 2554 2555
2044 2 2554 2555 2556
2045 2 2555 2556 2557
2046 2 2556 2557 2558
2047 2 2557 2558 2559
2048 2 2558 2559 2560
2049 2 2561 2562 2563
2050 2 2562 2563 2564
2051 2 2563 2564 2565
2052 2 2564 2565 2566
2053 2 2565 2566 2567
2054 2 2566 2567 2568
2055 2 2567 2568 2569
2056 2 2568 2569 2570
2057 2 2571 2572 2573
2058 2 2572 2573 2574
2059 2 2573 2574 2575
2060 2 2574 2575 2576
2061 2 2575 2576 2577
2062 2 2576 2577 2578
2063 2 2577 2578 2579
2064 2 2578 2579 2580
2065 2 2581 2582 2583
2066 2 2582 2583 2584
2067 2 2583 2584 2585
2068 2 2584 2585 2586
2069 2 2585 2586 2587
2070 2 2586 2587 2588
2071 2 2587 2588 2589
2072 2 2588 2589 2590
2073 2 2591 2592 2593
2074 2 2592 2593 2594
2075 2 2593 2594 2595
2076 2 2594 2595 2596
2077 2 2595 2596 2597
2078 2 2596 2597 2598
2079 2 2597 2598 2599
2080 2 2598 2599 2600
2081 2 2601 2602 2603
2082 2 2602 2603 2604
2083 2 2603 2604 2605
2084 2 2604 2605 2606
2085 2 2605 2606 2607
2086 2 2606 2607 2608
2087 2 2607 2608 2609
2088 2 2608 2609 2610
2089 2 2611 2612 2613
2090 2 2612 2613 2614
2091 2 2613 2614 2615
2092 2 2614 2615 2616
2093 2 2615 2616 2617
2094 2 2616 2617 2618
2095 2 2617 2618 2619
2096 2 2618 2619 2620
2097 2 2621 2622 2623
2098 2 2622 2623 2624
2099 2 2623 2624 2625
2100 2 2624 2625 2626
2101 2 2625 2626 2627
2102 2 2626 2627 2628
2103 2 2627 2628 2629
2104 2 2628 2629 2630
2105 2 2631 2632 2633
2106 2 2632 2633 2634
2107 2 2633 2634 2635
2108 2 2634 2635 2636
2109 2 2635 2636 2637
2110 2 2636 2637 2638
2111 2 2637 2638 2639
2112 2 2638 2639 2640
2113 2 2641 2642 2643
2114 2 2642 2643 2644
2115 2 2643 2644 2645
2116 2 2644 2645 2646
2117 2 2645 2646 2647
2118 2 2646 2647 2648
2119 2 2647 2648 2649
2120 2 2648 2649 2650
2121 2 2651 2652 2653
2122 2 2652 2653 2654
2123 2 2653 2654 2655
2124 2 2654 2655 2656
2125 2 2655 2656 2657
2126 2 2656 2657 2658
2127 2 2657 2658 2659
2128 2 2658 2659 2660
2129 2 2661 2662 2663
2130 2 2662 2663 2664
2131 2 2663 2664 2665
2132 2 2664 2665 2666
2133 2 2665 2666 2667
2134 2 2666 2667 2668
2135 2 2667 2668 2669
2136 2 2668 2669 2670
2137 2 2671 2672 2673
2138 2 2672 2673 2674
2139 2 2673 2674 2675
2140 2 2674 2675 2676
2141 2 2675 2676 2677
2142 2 2676 2677 2678
2143 2 2677 2678 2679
2144 2 2678 2679 2680
2145 2 2681 2682 2683
2146 2 2682 2683 2684
2147 2 2683 2684 2685
2148 2 2684 2685 2686
2149 2 2685 2686 2687
2150 2 2686 2687 2688
2151 2 2687 2688 2689
2152 2 2688 2689 2690
2153 2 2691 2692 2693
2154 2 2692 2693 2694
2155 2 2693 2694 2695
2156 2 2694 2695 2696
2157 2 2695 2696 2697
2158 2 2696 2697 2698
2159 2 2697 2698 2699
2160 2 2698 2699 2700
2161 2 2701 2702 2703
2162 2 2702 2703 2704
2163 2 2703 2704 2705
2164 2 2704 2705 2706
2165 2 2705 2706 2707
2166 2 2706 2707 2708
2167 2 2707 2708 2709
2168 2 2708 2709 2710
2169 2 2711 2712 2713
2170 2 2712 2713 2714
2171 2 2713 2714 2715
2172 2 2714 2715 2716
2173 2 2715 2716 2717
2174 2 2716 2717 2718
2175 2 2717 2718 2719
2176 2 2718 2719 2720
2177 2 2721 2722 2723
2178 2 2722 2723 2724
2179 2 2723 2724 2725
2180 2 2724 2725 2726
2181 2 2725 2726 2727
2182 2 2726 2727 2728
2183 2 2727 2728 2729
2184 2 2728 2729 2730
2185 2 2731 2732 2733
2186 2 2732 2733 2734
2187 2 2733 2734 2735
2188 2 2734 2735 2736
2189 2 2735 2736 2737
2190 2 2736 2737 2738
2191 2 2737 2738 2739
2192 2 2738 2739 2740
2193 2 2741 2742 2743
2194 2 2742 2743 2744
2195 2 2743 2744 2745
2196 2 2744 2745 2746
2197 2 2745 2746 2747
2198 2 2746 2747 2748
2199 2 2747 2748 2749
2200 2 2748 2749 2750
2201 2 2751 2752 2753
2202 2 2752 2753 2754
2203 2 2753 2754 2755
2204 2 2754 2755 2756
2205 2 2755 2756 2757
2206 2 2756 2757 2758
2207 2 2757 2758 2759
2208 2 2758 2759 2760
2209 2 2761 2762 2763
2210 2 2762 2763 2764
2211 2 2763 2764 2765
2212 2 2764 2765 2766
2213 2 2765 2766 2767
2214 2 2766 2767 2768
2215 2 2767 2768 2769
2216 2 2768 2769 2770
2217 2 2771 2772 2773
2218 2 2772 2773 2774
2219 2 2773 2774 2775
2220 2 2774 2775 2776
2221 2 2775 2776 2777
2222 2 2776 2777 2778
2223 2 2777 2778 2779
2224 2 2778 2779 2780
2225 2 2781 2782 2783
2226 2 2782 2783 2784
2227 2 2783 2784 2785
2228 2 2784 2785 2786
2229 2 2785 2786 2787
2230 2 2786 2787 2788
2231 2 2787 2788 2789
2232 2 2788 2789 2790
2233 2 2791 2792 2793
2234 2 2792 2793 2794
2235 2 2793 2794 2795
2236 2 2794 2795 2796
2237 2 2795 2796 2797
2238 2 2796 2797 2798
2239 2 2797 2798 2799
2240 2 2798 2799 2800
2241 2 2801 2802 2803
2242 2 2802 2803 2804
2243 2 2803 2804 2805
2244 2 2804 2805 2806
2245 2 2805 2806 2807
2246 2 2806 2807 2808
2247 2 2807 2808 2809
2248 2 2808 2809 2810
2249 2 2811 2812 2813
2250 2 2812 2813 2814
2251 2 2813 2814 2815
2252 2 2814 2815 2816
2253 2 2815 2816 2817
2254 2 2816 2817 2818
2255 2 2817 2818 2819
2256 2 2818 2819 2820
2257 2 2821 2822 2823
2258 2 2822 2823 2824
2259 2 2823 2824 2825
2260 2 2824 2825 2826
2261 2 2825 2826 2827
2262 2 2826 2827 2828
2263 2 2827 2828 2829
2264 2 2828 2829 2830
2265 2 2831 2832 2833
2266 2 2832 2833 2834
2267 2 2833 2834 2835
2268 2 2834 2835 2836
2269 2 2835 2836 2837
2270 2 2836 2837 2838
2271 2 2837 2838 2839
2272 2 2838 2839 2840
2273 2 2841 2842 2843
2274 2 2842 2843 2844
2275 2 2843 2844 2845
2276 2 2844 2845 2846
2277 2 2845 2846 2847
2278 2 2846 2847 2848
2279 2 2847 2848 2849
2280 2 2848 2849 2850
2281 2 2851 2852 2853
2282 2 2852 2853 2854
2283 2 2853 2854 2855
2284 2 2854 2855 2856
2285 2 2855 2856 2857
2286 2 2856 2857 2858
2287 2 2857 2858 2859
2288 2 2858 2859 2860
2289 2 2861 2862 2863
2290 2 2862 2863 2864
2291 2 2863 2864 2865
2292 2 2864 2865 2866
2293 2 2865 2866 2867
2294 2 2866 2867 2868
2295 2 2867 2868 2869
2296 2 2868 2869 2870
2297 2 2871 2872 2873
2298 2 2872 2873 2874
2299 2 2873 2874 2875
2300 2 2874 2875 2876
2301 2 2875 2876 2877
2302 2 2876 2877 2878
2303 2 2877 2878 2879
2304 2 2878 2879 2880
2305 2 2881 2882 2883
2306 2 2882 2883 2884
2307 2 2883 2884 2885
2308 2 2884 2885 2886
2309 2 2885 2886 2887
2310 2 2886 2887 2888
2311 2 2887 2888 2889
2312 2 2888 2889 2890
2313 2 2891 2892 2893
2314 2 2892 2893 2894
2315 2 2893 2894 2895
2316 2 2894 2895 2896
2317 2 2895 2896 2897
2318 2 2896 2897 2898
2319 2 2897 2898 2899
2320 2 2898 2899 2900
2321 2 2901 2902 2903
2322 2 2902 2903 2904
2323 2 2903 2904 2905
2324 2 2904 2905 2906
2325 2 2905 2906 2907
2326 2 2906 2907 2908
2327 2 2907 2908 2909
2328 2 2908 2909 2910
2329 2 2911 2912 2913
2330 2 2912 2913 2914
2331 2 2913 2914 2915
2332 2 2914 2915 2916
2333 2 2915 2916 2917
2334 2 2916 2917 2918
2335 2 2917 2918 2919
2336 2 2918 2919 2920
2337 2 2921 2922 2923
2338 2 2922 2923 2924
2339 2 2923 2924 2925
2340 2 2924 2925 2926
2341 2 2925 2926 2927
2342 2 2926 2927 2928
2343 2 2927 2928 2929
2344 2 2928 2929 2930
2345 2 2931 2932 2933
2346 2 2932 2933 2934
2347 2 2933 2934 2935
2348 2 2934 2935 2936
2349 2 2935 2936 2937
2350 2 2936 2937 2938
2351 2 2937 2938 2939
2352 2 2938 2939 2940
2353 2 2941 2942 2943
2354 2 2942 2943 2944
2355 2 2943 2944 2945
2356 2 2944 2945 2946
2357 2 2945 2946 2947
2358 2 2946 2947 2948
2359 2 2947 2948 2949
2360 2 2948 2949 2950
2361 2 2951 2952 2953
2362 2 2952 2953 2954
2363 2 2953 2954 2955
2364 2 2954 2955 2956
2365 2 2955 2956 2957
2366 2 2956 2957 2958
2367 2 2957 2958 2959
2368 2 2958 2959 2960
2369 2 2961 2962 2963
2370 2 2962 2963 2964
2371 2 2963 2964 2965
2372 2 2964 2965 2966
2373 2 2965 2966 2967
2374 2 2966 2967 2968
2375 2 2967 2968 2969
2376 2 2968 2969 2970
2377 2 2971 2972 2973
2378 2 2972 2973 2974
2379 2 2973 2974 2975
2380 2 2974 2975 2976
2381 2 2975 2976 2977
2382 2 2976 2977 2978
2383 2 2977 2978 2979
2384 2 2978 2979 2980
2385 2 2981 2982 2983
2386 2 2982 2983 2984
2387 2 2983 2984 2985
2388 2 2984 2985 2986
2389 2 2985 2986 2987
2390 2 2986 2987 2988
2391 2 2987 2988 2989
2392 2 2988 2989 2990
2393 2 2991 2992 2993
2394 2 2992 2993 2994
2395 2 2993 2994 2995
2396 2 2994 2995 2996
2397 2 2995 2996 2997
2398 2 2996 2997 2998
2399 2 2997 2998 2999
2400 2 2998 2999 3000
2401 2 3001 3002 3003
2402 2 3002 3003 3004
2403 2 3003 3004 3005
2404 2 3004 3005 3006
2405 2 3005 3006 3007
2406 2 3006 3007 3008
2407 2 3007 3008 3009
2408 2 3008 3009 3010
2409 2 3011 3012 3013
2410 2 3012 3013 3014
2411 2 3013 3014 3015
2412 2 3014 3015 3016
2413 2 3015 3016 3017
2414 2 3016 3017 3018
2415 2 3017 3018 3019
2416 2 3018 3019 3020
2417 2 3021 3022 3023
2418 2 3022 3023 3024
2419 2 3023 3024 3025
2420 2 3024 3025 3026
2421 2 3025 3026 3027
2422 2 3026 3027 3028
2423 2 3027 3028 3029
2424 2 3028 3029 3030
2425 2 3031 3032 3033
2426 2 3032 3033 3034
2427 2 3033 3034 3035
2428 2 3034 3035 3036
2429 2 3035 3036 3037
2430 2 3036 3037 3038
2431 2 3037 3038 3039
2432 2 3038 3039 3040
2433 2 3041 3042 3043
2434 2 3042 3043 3044
2435 2 3043 3044 3045
2436 2 3044 3045 3046
2437 2 3045 3046 3047
2438 2 3046 3047 3048
2439 2 3047 3048 3049
2440 2 3048 3049 3050
2441 2 3051 3052 3053
2442 2 3052 3053 3054
2443 2 3053 3054 3055
2444 2 3054 3055 3056
2445 2 3055 3056 3057
2446 2 3056 3057 3058
2447 2 3057 3058 3059
2448 2 3058 3059 3060
2449 2 3061 3062 3063
2450 2 3062 3063 3064
2451 2 3063 3064 3065
2452 2 3064 3065 3066
2453 2 3065 3066 3067
2454 2 3066 3067 3068
2455 2 3067 3068 3069
2456 2 3068 3069 3070
2457 2 3071 3072 3073
2458 2 3072 3073 3074
2459 2 3073 3074 3075
2460 2 3074 3075 3076
2461 2 3075 3076 3077
2462 2 3076 3077 3078
2463 2 3077 3078 3079
2464 2 3078 3079 3080
2465 2 3081 3082 3083
2466 2 3082 3083 3084
2467 2 3083 3084 3085
2468 2 3084 3085 3086
2469 2 3085 3086 3087
2470 2 3086 3087 3088
2471 2 3087 3088 3089
2472 2 3088 3089 3090
2473 2 3091 3092 3093
2474 2 3092 3093 3094
2475 2 3093 3094 3095
2476 2 3094 3095 3096
2477 2 3095 3096 3097
2478 2 3096 3097 3098
2479 2 3097 3098 3099
2480 2 3098 3099 3100
2481 2 3101 3102 3103
2482 2 3102 3103 3104
2483 2 3103 3104 3105
2484 2 3104 3105 3106
2485 2 3105 3106 3107
2486 2 3106 3107 3108
2487 2 3107 3108 3109
2488 2 3108 3109 3110
2489 2 3111 3112 3113
2490 2 3112 3113 3114
2491 2 3113 3114 3115
2492 2 3114 3115 3116
2493 2 3115 3116 3117
2494 2 3116 3117 3118
2495 2 3117 3118 3119
2496 2 3118 3119 3120
2497 2 3121 3122 3123
2498 2 3122 3123 3124
2499 2 3123 3124 3125
2500 2 3124 3125 3126
2501 2 3125 3126 3127
2502 2 3126 3127 3128
2503 2 3127 3128 3129
2504 2 3128 3129 3130
2505 2 3131 3132 3133
2506 2 3132 3133 3134
2507 2 3133 3134 3135
2508 2 3134 3135 3136
2509 2 3135 3136 3137
2510 2 3136 3137 3138
2511 2 3137 3138 3139
2512 2 3138 3139 3140
2513 2 3141 3142 3143
2514 2 3142 3143 3144
2515 2 3143 3144 3145
2516 2 3144 3145 3146
2517 2 3145 3146 3147
2518 2 3146 3147 3148
2519 2 3147 3148 3149
2520 2 3148 3149 3150
2521 2 3151 3152 3153
2522 2 3152 3153 3154
2523 2 3153 3154 3155
2524 2 3154 3155 3156
2525 2 3155 3156 3157
2526 2 3156 3157 3158
2527 2 3157 3158 3159
2528 2 3158 3159 3160
2529 2 3161 3162 3163
2530 2 3162 3163 3164
2531 2 3163 3164 3165
2532 2 3164 3165 3166
2533 2 3165 3166 3167
2534 2 3166 3167 3168
2535 2 3167 3168 3169
2536 2 3168 3169 3170
2537 2 3171 3172 3173
2538 2 3172 3173 3174
2539 2 3173 3174 3175
2540 2 3174 3175 3176
2541 2 3175 3176 3177
2542 2 3176 3177 3178
2543 2 3177 3178 3179
2544 2 3178 3179 3180
2545 2 3181 3182 3183
2546 2 3182 3183 3184
2547 2 3183 3184 3185
2548 2 3184 3185 3186
2549 2 3185 3186 3187
2550 2 3186 3187 3188
2551 2 3187 3188 3189
2552 2 3188 3189 3190
2553 2 3191 3192 3193
2554 2 3192 3193 3194
2555 2 3193 3194 3195
2556 2 3194 3195 3196
2557 2 3195 3196 3197
2558 2 3196 3197 3198
2559 2 3197 3198 3199
2560 2 3198 3199 3200
2561 3 3201 3202 3203
2562 3 3202 3203 3204
2563 3 3203 3204 3205
2564 3 3204 3205 3206
2565 3 3205 3206 3207
2566 3 3206 3207 3208
2567 3 3207 3208 3209
2568 3 3208 3209 3210
2569 3 3209 3210 3211
2570 3 3210 3211 3212
2571 3 3211 3212 3213
2572 3 3212 3213 3214
2573 3 3213 3214 3215
2574 3 3214 3215 3216
2575 3 3215 3216 3217
2576 3 3216 3217 3218
2577 3 3217 3218 3219
2578 3 3220 3221 3222
2579 3 3221 3222 3223
2580 3 3222 3223 3224
2581 3 3223 3224 3225
2582 3 3224 3225 3226
2583 3 3225 3226 3227
2584 3 3226 3227 3228
2585 3 3227 3228 3229
2586 3 3228 3229 3230
2587 3 3229 3230 3231
2588 3 3230 3231 3232
2589 3 3231 3232 3233
2590 3 3232 3233 3234
2591 3 3233 3234 3235
2592 3 3234 3235 3236
2593 3 3235 3236 3237
2594 3 3236 3237 3238
2595 3 3239 3240 3241
2596 3 3240 3241 3242
2597 3 3241 3242 3243
2598 3 3242 3243 3244
2599 3 3243 3244 3245
2600 3 3244 3245 3246
2601 3 3245 3246 3247
2602 3 3246 3247 3248
2603 3 3247 3248 3249
2604 3 3248 3249 3250
2605 3 3249 3250 3251
2606 3 3250 3251 3252
2607 3 3251 3252 3253
2608 3 3252 3253 3254
2609 3 3253 3254 3255
2610 3 3254 3255 3256
2611 3 3255 3256 3257
2612 3 3258 3259 3260
2613 3 3259 3260 3261
2614 3 3260 3261 3262
2615 3 3261 3262 3263
2616 3 3262 3263 3264
2617 3 3263 3264 3265
2618 3 3264 3265 3266
2619 3 3265 3266 3267
2620 3 3266 3267 3268
2621 3 3267 3268 3269
2622 3 3268 3269 3270
2623 3 3269 3270 3271
2624 3 3270 3271 3272
2625 3 3271 3272 3273
2626 3 3272 3273 3274
2627 3 3273 3274 3275
2628 3 3274 3275 3276
2629 3 3277 3278 3279
2630 3 3278 3279 3280
2631 3 3279 3280 3281
2632 3 3280 3281 3282
2633 3 3281 3282 3283
2634 3 3282 3283 3284
2635 3 3283 3284 3285
2636 3 3284 3285 3286
2637 3 3285 3286 3287
2638 3 3286 3287 3288
2639 3 3287 3288 3289
2640 3 3288 3289 3290
2641 3 3289 3290 3291
2642 3 3290 3291 3292
2643 3 3291 3292 3293
2644 3 3292 3293 3294
2645 3 3293 3294 3295
2646 3 3296 3297 3298
2647 3 3297 3298 3299
2648 3 3298 3299 3300
2649 3 3299 3300 3301
2650 3 3300 3301 3302
2651 3 3301 3302 3303
2652 3 3302 3303 3304
2653 3 3303 3304 3305
2654 3 3304 3305 3306
2655 3 3305 3306 3307
2656 3 3306 3307 3308
2657 3 3307 3308 3309
2658 3 3308 3309 3310
2659 3 3309 3310 3311
2660 3 3310 3311 3312
2661 3 3311 3312 3313
2662 3 3312 3313 3314
2663 3 3315 3316 3317
2664 3 3316 3317 3318
2665 3 3317 3318 3319
2666 3 3318 3319 3320
2667 3 3319 3320 3321
2668 3 3320 3321 3322
2669 3 3321 3322 3323
2670 3 3322 3323 3324
2671 3 3323 3324 3325
2672 3 3324 3325 3326
2673 3 3325 3326 3327
2674 3 3326 3327 3328
2675 3 3327 3328 3329
2676 3 3328 3329 3330
2677 3 3329 3330 3331
2678 3 3330 3331 3332
2679 3 3331 3332 3333
2680 3 3334 3335 3336
2681 3 3335 3336 3337
2682 3 3336 3337 3338
2683 3 3337 3338 3339
2684 3 3338 3339 3340
2685 3 3339 3340 3341
2686 3 3340 3341 3342
2687 3 3341 3342 3343
2688 3 3342 3343 3344
2689 3 3343 3344 3345
2690 3 3344 3345 3346
2691 3 3345 3346 3347
2692 3 3346 3347 3348
2693 3 3347 3348 3349
2694 3 3348 3349 3350
2695 3 3349 3350 3351
2696 3 3350 3351 3352
2697 3 3353 3354 3355
2698 3 3354 3355 3356
2699 3 3355 3356 3357
2700 3 3356 3357 3358
2701 3 3357 3358 3359
2702 3 3358 3359 3360
2703 3 3359 3360 3361
2704 3 3360 3361 3362
2705 3 3361 3362 3363
2706 3 3362 3363 3364
2707 3 3363 3364 3365
2708 3 3364 3365 3366
2709 3 3365 3366 3367
2710 3 3366 3367 3368
2711 3 3367 3368 3369
2712 3 3368 3369 3370
2713 3 3369 3370 3371
2714 3 3372 3373 3374
2715 3 3373 3374 3375
2716 3 3374 3375 3376
2717 3 3375 3376 3377
2718 3 3376 3377 3378
2719 3 3377 3378 3379
2720 3 3378 3379 3380
2721 3 3379 3380 3381
2722 3 3380 3381 3382
2723 3 3381 3382 3383
2724 3 3382 3383 3384
2725 3 3383 3384 3385
2726 3 3384 3385 3386
2727 3 3385 3386 3387
2728 3 3386 3387 3388
2729 3 3387 3388 3389
2730 3 3388 3389 3390
2731 3 3391 3392 3393
2732 3 3392 3393 3394
2733 3 3393 3394 3395
2734 3 3394 3395 3396
2735 3 3395 3396 3397
2736 3 3396 3397 3398
2737 3 3397 3398 3399
2738 3 3398 3399 3400
2739 3 3399 3400 3401
2740 3 3400 3401 3402
2741 3 3401 3402 3403
2742 3 3402 3403 3404
2743 3 3403 3404 3405
2744 3 3404 3405 3406
2745 3 3405 3406 3407
2746 3 3406 3407 3408
2747 3 3407 3408 3409
2748 3 3410 3411 3412
2749 3 3411 3412 3413
2750 3 3412 3413 3414
2751 3 3413 3414 3415
2752 3 3414 3415 3416
2753 3 3415 3416 3417
2754 3 3416 3417 3418
2755 3 3417 3418 3419
2756 3 3418 3419 3420
2757 3 3419 3420 3421
2758 3 3420 3421 3422
2759 3 3421 3422 3423
2760 3 3422 3423 3424
2761 3 3423 3424 3425
2762 3 3424 3425 3426
2763 3 3425 3426 3427
2764 3 3426 3427 3428
2765 3 3429 3430 3431
2766 3 3430 3431 3432
2767 3 3431 3432 3433
2768 3 3432 3433 3434
2769 3 3433 3434 3435
2770 3 3434 3435 3436
2771 3 3435 3436 3437
2772 3 3436 3437 3438
2773 3 3437 3438 3439
2774 3 3438 3439 3440
2775 3 3439 3440 3441
2776 3 3440 3441 3442
2777 3 3441 3442 3443
2778 3 3442 3443 3444
2779 3 3443 3444 3445
2780 3 3444 3445 3446
2781 3 3445 3446 3447
2782 3 3448 3449 3450
2783 3 3449 3450 3451
2784 3 3450 3451 3452
2785 3 3451 3452 3453
2786 3 3452 3453 3454
2787 3 3453 3454 3455
2788 3 3454 3455 3456
2789 3 3455 3456 3457
2790 3 3456 3457 3458
2791 3 3457 3458 3459
2792 3 3458 3459 3460
2793 3 3459 3460 3461
2794 3 3460 3461 3462
2795 3 3461 3462 3463
2796 3 3462 3463 3464
2797 3 3463 3464 3465
2798 3 3464 3465 3466
2799 3 3467 3468 3469
2800 3 3468 3469 3470
2801 3 3469 3470 3471
2802 3 3470 3471 3472
2803 3 3471 3472 3473
2804 3 3472 3473 3474
2805 3 3473 3474 3475
2806 3 3474 3475 3476
2807 3 3475 3476 3477
2808 3 3476 3477 3478
2809 3 3477 3478 3479
2810 3 3478 3479 3480
2811 3 3479 3480 3481
2812 3 3480 3481 3482
2813 3 3481 3482 3483
2814 3 3482 3483 3484
2815 3 3483 3484 3485
2816 3 3486 3487 3488
2817 3 3487 3488 3489
2818 3 3488 3489 3490
2819 3 3489 3490 3491
2820 3 3490 3491 3492
2821 3 3491 3492 3493
2822 3 3492 3493 3494
2823 3 3493 3494 3495
2824 3 3494 3495 3496
2825 3 3495 3496 3497
2826 3 3496 3497 3498
2827 3 3497 3498 3499
2828 3 3498 3499 3500
2829 3 3499 3500 3501
2830 3 3500 3501 3502
2831 3 3501 3502 3503
2832 3 3502 3503 3504
2833 3 3505 3506 3507
2834 3 3506 3507 3508
2835 3 3507 3508 3509
2836 3 3508 3509 3510
2837 3 3509 3510 3511
2838 3 3510 3511 3512
2839 3 3511 3512 3513
2840 3 3512 3513 3514
2841 3 3513 3514 3515
2842 3 3514 3515 3516
2843 3 3515 3516 3517
2844 3 3516 3517 3518
2845 3 3517 3518 3519
2846 3 3518 3519 3520
2847 3 3519 3520 3521
2848 3 3520 3521 3522
2849 3 3521 3522 3523
2850 3 3524 3525 3526
2851 3 3525 3526 3527
2852 3 3526 3527 3528
2853 3 3527 3528 3529
2854 3 3528 3529 3530
2855 3 3529 3530 3531
2856 3 3530 3531 3532
2857 3 3531 3532 3533
2858 3 3532 3533 3534
2859 3 3533 3534 3535
2860 3 3534 3535 3536
2861 3 3535 3536 3537
2862 3 3536 3537 3538
2863 3 3537 3538 3539
2864 3 3538 3539 3540
2865 3 3539 3540 3541
2866 3 3540 3541 3542
2867 3 3543 3544 3545
2868 3 3544 3545 3546
2869 3 3545 3546 3547
2870 3 3546 3547 3548
2871 3 3547 3548 3549
2872 3 3548 3549 3550
2873 3 3549 3550 3551
2874 3 3550 3551 3552
2875 3 3551 3552 3553
2876 3 3552 3553 3554
2877 3 3553 3554 3555
2878 3 3554 3555 3556
2879 3 3555 3556 3557
2880 3 3556 3557 3558
2881 3 3557 3558 3559
2882 3 3558 3559 3560
2883 3 3559 3560 3561
2884 3 3562 3563 3564
2885 3 3563 3564 3565
2886 3 3564 3565 3566
2887 3 3565 3566 3567
2888 3 3566 3567 3568
2889 3 3567 3568 3569
2890 3 3568 3569 3570
2891 3 3569 3570 3571
2892 3 3570 3571 3572
2893 3 3571 3572 3573
2894 3 3572 3573 3574
2895 3 3573 3574 3575
2896 3 3574 3575 3576
2897 3 3575 3576 3577
2898 3 3576 3577 3578
2899 3 3577 3578 3579
2900 3 3578 3579 3580
2901 3 3581 3582 3583
2902 3 3582 3583 3584
2903 3 3583 3584 3585
2904 3 3584 3585 3586
2905 3 3585 3586 3587
2906 3 3586 3587 3588
2907 3 3587 3588 3589
2908 3 3588 3589 3590
2909 3 3589 3590 3591
2910 3 3590 3591 3592
2911 3 3591 3592 3593
2912 3 3592 3593 3594
2913 3 3593 3594 3595
2914 3 3594 3595 3596
2915 3 3595 3596 3597
2916 3 3596 3597 3598
2917 3 3597 3598 3599
2918 3 3600 3601 3602
2919 3 3601 3602 3603
2920 3 3602 3603 3604
2921 3 3603 3604 3605
2922 3 3604 3605 3606
2923 3 3605 3606 3607
2924 3 3606 3607 3608
2925 3 3607 3608 3609
2926 3 3608 3609 3610
2927 3 3609 3610 3611
2928 3 3610 3611 3612
2929 3 3611 3612 3613
2930 3 3612 3613 3614
2931 3 3613 3614 3615
2932 3 3614 3615 3616
2933 3 3615 3616 3617
2934 3 3616 3617 3618
2935 3 3619 3620 3621
2936 3 3620 3621 3622
2937 3 3621 3622 3623
2938 3 3622 3623 3624
2939 3 3623 3624 3625
2940 3 3624 3625 3626
2941 3 3625 3626 3627
2942 3 3626 3627 3628
2943 3 3627 3628 3629
2944 3 3628 3629 3630
2945 3 3629 3630 3631
2946 3 3630 3631 3632
2947 3 3631 3632 3633
2948 3 3632 3633 3634
2949 3 3633 3634 3635
2950 3 3634 3635 3636
2951 3 3635 3636 3637
2952 3 3638 3639 3640
2953 3 3639 3640 3641
2954 3 3640 3641 3642
2955 3 3641 3642 3643
2956 3 3642 3643 3644
2957 3 3643 3644 3645
2958 3 3644 3645 3646
2959 3 3645 3646 3647
2960 3 3646 3647 3648
2961 3 3647 3648 3649
2962 3 3648 3649 3650
2963 3 3649 3650 3651
2964 3 3650 3651 3652
2965 3 3651 3652 3653
2966 3 3652 3653 3654
2967 3 3653 3654 3655
2968 3 3654 3655 3656
2969 3 3657 3658 3659
2970 3 3658 3659 3660
2971 3 3659 3660 3661
2972 3 3660 3661 3662
2973 3 3661 3662 3663
2974 3 3662 3663 3664
2975 3 3663 3664 3665
2976 3 3664 3665 3666
2977 3 3665 3666 3667
2978 3 3666 3667 3668
2979 3 3667 3668 3669
2980 3 3668 3669 3670
2981 3 3669 3670 3671
2982 3 3670 3671 3672
2983 3 3671 3672 3673
2984 3 3672 3673 3674
2985 3 3673 3674 3675
2986 3 3676 3677 3678
2987 3 3677 3678 3679
2988 3 3678 3679 3680
2989 3 3679 3680 3681
2990 3 3680 3681 3682
2991 3 3681 3682 3683
2992 3 3682 3683 3684
2993 3 3683 3684 3685
2994 3 3684 3685 3686
2995 3 3685 3686 3687
2996 3 3686 3687 3688
2997 3 3687 3688 3689
2998 3 3688 3689 3690
2999 3 3689 3690 3691
3000 3 3690 3691 3692
3001 3 3691 3692 3693
3002 3 3692 3693 3694
3003 3 3695 3696 3697
3004 3 3696 3697 3698
3005 3 3697 3698 3699
3006 3 3698 3699 3700
3007 3 3699 3700 3701
3008 3 3700 3701 3702
3009 3 3701 3702 3703
3010 3 3702 3703 3704
3011 3 3703 3704 3705
3012 3 3704 3705 3706
3013 3 3705 3706 3707
3014 3 3706 3707 3708
3015 3 3707 3708 3709
3016 3 3708 3709 3710
3017 3 3709 3710 3711
3018 3 3710 3711 3712
3019 3 3711 3712 3713
3020 3 3714 3715 3716
3021 3 3715 3716 3717
3022 3 3716 3717 3718
3023 3 3717 3718 3719
3024 3 3718 3719 3720
3025 3 3719 3720 3721
3026 3 3720 3721 3722
3027 3 3721 3722 3723
3028 3 3722 3723 3724
3029 3 3723 3724 3725
3030 3 3724 3725 3726
3031 3 3725 3726 3727
3032 3 3726 3727 3728
3033 3 3727 3728 3729
3034 3 3728 3729 3730
3035 3 3729 3730 3731
3036 3 3730 3731 3732
3037 3 3733 3734 3735
3038 3 3734 3735 3736
3039 3 3735 3736 3737
3040 3 3736 3737 3738
3041 3 3737 3738 3739
3042 3 3738 3739 3740
3043 3 3739 3740 3741
3044 3 3740 3741 3742
3045 3 3741 3742 3743
3046 3 3742 3743 3744
3047 3 3743 3744 3745
3048 3 3744 3745 3746
3049 3 3745 3746 3747
3050 3 3746 3747 3748
3051 3 3747 3748 3749
3052 3 3748 3749 3750
3053 3 3749 3750 3751
3054 3 3752 3753 3754
3055 3 3753 3754 3755
3056 3 3754 3755 3756
3057 3 3755 3756 3757
3058 3 3756 3757 3758
3059 3 3757 3758 3759
3060 3 3758 3759 3760
3061 3 3759 3760 3761
3062 3 3760 3761 3762
3063 3 3761 3762 3763
3064 3 3762 3763 3764
3065 3 3763 3764 3765
3066 3 3764 3765 3766
3067 3 3765 3766 3767
3068 3 3766 3767 3768
3069 3 3767 3768 3769
3070 3 3768 3769 3770
3071 3 3771 3772 3773
3072 3 3772 3773 3774
3073 3 3773 3774 3775
3074 3 3774 3775 3776
3075 3 3775 3776 3777
3076 3 3776 3777 3778
3077 3 3777 3778 3779
3078 3 3778 3779 3780
3079 3 3779 3780 3781
3080 3 3780 3781 3782
3081 3 3781 3782 3783
3082 3 3782 3783 3784
3083 3 3783 3784 3785
3084 3 3784 3785 3786
3085 3 3785 3786 3787
3086 3 3786 3787 3788
3087 3 3787 3788 3789
3088 3 3790 3791 3792
3089 3 3791 3792 3793
3090 3 3792 3793 3794
3091 3 3793 3794 3795
3092 3 3794 3795 3796
3093 3 3795 3796 3797
3094 3 3796 3797 3798
3095 3 3797 3798 3799
3096 3 3798 3799 3800
3097 3 3799 3800 3801
3098 3 3800 3801 3802
3099 3 3801 3802 3803
3100 3 3802 3803 3804
3101 3 3803 3804 3805
3102 3 3804 3805 3806
3103 3 3805 3806 3807
3104 3 3806 3807 3808
3105 3 3809 3810 3811
3106 3 3810 3811 3812
3107 3 3811 3812 3813
3108 3 3812 3813 3814
3109 3 3813 3814 3815
3110 3 3814 3815 3816
3111 3 3815 3816 3817
3112 3 3816 3817 3818
3113 3 3817 3818 3819
3114 3 3818 3819 3820
3115 3 3819 3820 3821
3116 3 3820 3821 3822
3117 3 3821 3822 3823
3118 3 3822 3823 3824
3119 3 3823 3824 3825
3120 3 3824 3825 3826
3121 3 3825 3826 3827
3122 3 3828 3829 3830
3123 3 3829 3830 3831
3124 3 3830 3831 3832
3125 3 3831 3832 3833
3126 3 3832 3833 3834
3127 3 3833 3834 3835
3128 3 3834 3835 3836
3129 3 3835 3836 3837
3130 3 3836 3837 3838
3131 3 3837 3838 3839
3132 3 3838 3839 3840
3133 3 3839 3840 3841
3134 3 3840 3841 3842
3135 3 3841 3842 3843
3136 3 3842 3843 3844
3137 3 3843 3844 3845
3138 3 3844 3845 3846
3139 3 3847 3848 3849
3140 3 3848 3849 3850
3141 3 3849 3850 3851
3142 3 3850 3851 3852
3143 3 3851 3852 3853
3144 3 3852 3853 3854
3145 3 3853 3854 3855
3146 3 3854 3855 3856
3147 3 3855 3856 3857
3148 3 3856 3857 3858
3149 3 3857 3858 3859
3150 3 3858 3859 3860
3151 3 3859 3860 3861
3152 3 3860 3861 3862
3153 3 3861 3862 3863
3154 3 3862 3863 3864
3155 3 3863 3864 3865
3156 3 3866 3867 3868
3157 3 3867 3868 3869
3158 3 3868 3869 3870
3159 3 3869 3870 3871
3160 3 3870 3871 3872
3161 3 3871 3872 3873
3162 3 3872 3873 3874
3163 3 3873 3874 3875
3164 3 3874 3875 3876
3165 3 3875 3876 3877
3166 3 3876 3877 3878
3167 3 3877 3878 3879
3168 3 3878 3879 3880
3169 3 3879 3880 3881
3170 3 3880 3881 3882
3171 3 3881 3882 3883
3172 3 3882 3883 3884
3173 3 3885 3886 3887
3174 3 3886 3887 3888
3175 3 3887 3888 3889
3176 3 3888 3889 3890
3177 3 3889 3890 3891
3178 3 3890 3891 3892
3179 3 3891 3892 3893
3180 3 3892 3893 3894
3181 3 3893 3894 3895
3182 3 3894 3895 3896
3183 3 3895 3896 3897
3184 3 3896 3897 3898
3185 3 3897 3898 3899
3186 3 3898 3899 3900
3187 3 3899 3900 3901
3188 3 3900 3901 3902
3189 3 3901 3902 3903
3190 3 3904 3905 3906
3191 3 3905 3906 3907
3192 3 3906 3907 3908
3193 3 3907 3908 3909
3194 3 3908 3909 3910
3195 3 3909 3910 3911
3196 3 3910 3911 3912
3197 3 3911 3912 3913
3198 3 3912 3913 3914
3199 3 3913 3914 3915
3200 3 3914 3915 3916
3201 3 3915 3916 3917
3202 3 3916 3917 3918
3203 3 3917 3918 3919
3204 3 3918 3919 3920
3205 3 3919 3920 3921
3206 3 3920 3921 3922
3207 3 3923 3924 3925
3208 3 3924 3925 3926
3209 3 3925 3926 3927
3210 3 3926 3927 3928
3211 3 3927 3928 3929
3212 3 3928 3929 3930
3213 3 3929 3930 3931
3214 3 3930 3931 3932
3215 3 3931 3932 3933
3216 3 3932 3933 3934
3217 3 3933 3934 3935
3218 3 3934 3935 3936
3219 3 3935 3936 3937
3220 3 3936 3937 3938
3221 3 3937 3938 3939
3222 3 3938 3939 3940
3223 3 3939 3940 3941
3224 3 3942 3943 3944
3225 3 3943 3944 3945
3226 3 3944 3945 3946
3227 3 3945 3946 3947
3228 3 3946 3947 3948
3229 3 3947 3948 3949
3230 3 3948 3949 3950
3231 3 3949 3950 3951
3232 3 3950 3951 3952
3233 3 3951 3952 3953
3234 3 3952 3953 3954
3235 3 3953 3954 3955
3236 3 3954 3955 3956
3237 3 3955 3956 3957
3238 3 3956 3957 3958
3239 3 3957 3958 3959
3240 3 3958 3959 3960
3241 3 3961 3962 3963
3242 3 3962 3963 3964
3243 3 3963 3964 3965
3244 3 3964 3965 3966
3245 3 3965 3966 3967
3246 3 3966 3967 3968
3247 3 3967 3968 3969
3248 3 3968 3969 3970
3249 3 3969 3970 3971
3250 3 3970 3971 3972
3251 3 3971 3972 3973
3252 3 3972 3973 3974
3253 3 3973 3974 3975
3254 3 3974 3975 3976
3255 3 3975 3976 3977
3256 3 3976 3977 3978
3257 3 3977 3978 3979
3258 3 3980 3981 3982
3259 3 3981 3982 3983
3260 3 3982 3983 3984
3261 3 3983 3984 3985
3262 3 3984 3985 3986
3263 3 3985 3986 3987
3264 3 3986 3987 3988
3265 3 3987 3988 3989
3266 3 3988 3989 3990
3267 3 3989 3990 3991
3268 3 3990 3991 3992
3269 3 3991 3992 3993
3270 3 3992 3993 3994
3271 3 3993 3994 3995
3272 3 3994 3995 3996
3273 3 3995 3996 3997
3274 3 3996 3997 3998
3275 3 3999 4000 4001
3276 3 4000 4001 4002
3277 3 4001 4002 4003
3278 3 4002 4003 4004
3279 3 4003 4004 4005
3280 3 4004 4005 4006
3281 3 4005 4006 4007
3282 3 4006 4007 4008
3283 3 4007 4008 4009
3284 3 4008 4009 4010
3285 3 4009 4010 4011
3286 3 4010 4011 4012
3287 3 4011 4012 4013
3288 3 4012 4013 4014
3289 3 4013 4014 4015
3290 3 4014 4015 4016
3291 3 4015 4016 4017
3292 3 4018 4019 4020
3293 3 4019 4020 4021
3294 3 4020 4021 4022
3295 3 4021 4022 4023
3296 3 4022 4023 4024
3297 3 4023 4024 4025
3298 3 4024 4025 4026
3299 3 4025 4026 4027
3300 3 4026 4027 4028
3301 3 4027 4028 4029
3302 3 4028 4029 4030
3303 3 4029 4030 4031
3304 3 4030 4031 4032
3305 3 4031 4032 4033
3306 3 4032 4033 4034
3307 3 4033 4034 4035
3308 3 4034 4035 4036
3309 3 4037 4038 4039
3310 3 4038 4039 4040
3311 3 4039 4040 4041
3312 3 4040 4041 4042
3313 3 4041 4042 4043
3314 3 4042 4043 4044
3315 3 4043 4044 4045
3316 3 4044 4045 4046
3317 3 4045 4046 4047
3318 3 4046 4047 4048
3319 3 4047 4048 4049
3320 3 4048 4049 4050
3321 3 4049 4050 4051
3322 3 4050 4051 4052
3323 3 4051 4052 4053
3324 3 4052 4053 4054
3325 3 4053 4054 4055
3326 3 4056 4057 4058
3327 3 4057 4058 4059
3328 3 4058 4059 4060
3329 3 4059 4060 4061
3330 3 4060 4061 4062
3331 3 4061 4062 4063
3332 3 4062 4063 4064
3333 3 4063 4064 4065
3334 3 4064 4065 4066
3335 3 4065 4066 4067
3336 3 4066 4067 4068
3337 3 4067 4068 4069
3338 3 4068 4069 4070
3339 3 4069 4070 4071
3340 3 4070 4071 4072
3341 3 4071 4072 4073
3342 3 4072 4073 4074
3343 3 4075 4076 4077
3344 3 4076 4077 4078
3345 3 4077 4078 4079
3346 3 4078 4079 4080
3347 3 4079 4080 4081
3348 3 4080 4081 4082
3349 3 4081 4082 4083
3350 3 4082 4083 4084
3351 3 4083 4084 4085
3352 3 4084 4085 4086
3353 3 4085 4086 4087
3354 3 4086 4087 4088
3355 3 4087 4088 4089
3356 3 4088 4089 4090
3357 3 4089 4090 4091
3358 3 4090 4091 4092
3359 3 4091 4092 4093
3360 3 4094 4095 4096
3361 3 4095 4096 4097
3362 3 4096 4097 4098
3363 3 4097 4098 4099
3364 3 4098 4099 4100
3365 3 4099 4100 4101
3366 3 4100 4101 4102
3367 3 4101 4102 4103
3368 3 4102 4103 4104
3369 3 4103 4104 4105
3370 3 4104 4105 4106
3371 3 4105 4106 4107
3372 3 4106 4107 4108
3373 3 4107 4108 4109
3374 3 4108 4109 4110
3375 3 4109 4110 4111
3376 3 4110 4111 4112
3377 3 4113 4114 4115
3378 3 4114 4115 4116
3379 3 4115 4116 4117
3380 3 4116 4117 4118
3381 3 4117 4118 4119
3382 3 4118 4119 4120
3383 3 4119 4120 4121
3384 3 4120 4121 4122
3385 3 4121 4122 4123
3386 3 4122 4123 4124
3387 3 4123 4124 4125
3388 3 4124 4125 4126
3389 3 4125 4126 4127
3390 3 4126 4127 4128
3391 3 4127 4128 4129
3392 3 4128 4129 4130
3393 3 4129 4130 4131
3394 3 4132 4133 4134
3395 3 4133 4134 4135
3396 3 4134 4135 4136
3397 3 4135 4136 4137
3398 3 4136 4137 4138
3399 3 4137 4138 4139
3400 3 4138 4139 4140
3401 3 4139 4140 4141
3402 3 4140 4141 4142
3403 3 4141 4142 4143
3404 3 4142 4143 4144
3405 3 4143 4144 4145
3406 3 4144 4145 4146
3407 3 4145 4146 4147
3408 3 4146 4147 4148
3409 3 4147 4148 4149
3410 3 4148 4149 4150
3411 3 4151 4152 4153
3412 3 4152 4153 4154
3413 3 4153 4154 4155
3414 3 4154 4155 4156
3415 3 4155 4156 4157
3416 3 4156 4157 4158
3417 3 4157 4158 4159
3418 3 4158 4159 4160
3419 3 4159 4160 4161
3420 3 4160 4161 4162
3421 3 4161 4162 4163
3422 3 4162 4163 4164
3423 3 4163 4164 4165
3424 3 4164 4165 4166
3425 3 4165 4166 4167
3426 3 4166 4167 4168
3427 3 4167 4168 4169
3428 3 4170 4171 4172
3429 3 4171 4172 4173
3430 3 4172 4173 4174
3431 3 4173 4174 4175
3432 3 4174 4175 4176
3433 3 4175 4176 4177
3434 3 4176 4177 4178
3435 3 4177 4178 4179
3436 3 4178 4179 4180
3437 3 4179 4180 4181
3438 3 4180 4181 4182
3439 3 4181 4182 4183
3440 3 4182 4183 4184
3441 3 4183 4184 4185
3442 3 4184 4185 4186
3443 3 4185 4186 4187
3444 3 4186 4187 4188
3445 3 4189 4190 4191
3446 3 4190 4191 4192
3447 3 4191 4192 4193
3448 3 4192 4193 4194
3449 3 4193 4194 4195
3450 3 4194 4195 4196
3451 3 4195 4196 4197
3452 3 4196 4197 4198
3453 3 4197 4198 4199
3454 3 4198 4199 4200
3455 3 4199 4200 4201
3456 3 4200 4201 4202
3457 3 4201 4202 4203
3458 3 4202 4203 4204
3459 3 4203 4204 4205
3460 3 4204 4205 4206
3461 3 4205 4206 4207
3462 3 4208 4209 4210
3463 3 4209 4210 4211
3464 3 4210 4211 4212
3465 3 4211 4212 4213
3466 3 4212 4213 4214
3467 3 4213 4214 4215
3468 3 4214 4215 4216
3469 3 4215 4216 4217
3470 3 4216 4217 4218
3471 3 4217 4218 4219
3472 3 4218 4219 4220
3473 3 4219 4220 4221
3474 3 4220 4221 4222
3475 3 4221 4222 4223
3476 3 4222 4223 4224
3477 3 4223 4224 4225
3478 3 4224 4225 4226
3479 3 4227 4228 4229
3480 3 4228 4229 4230
3481 3 4229 4230 4231
3482 3 4230 4231 4232
3483 3 4231 4232 4233
3484 3 4232 4233 4234
3485 3 4233 4234 4235
3486 3 4234 4235 4236
3487 3 4235 4236 4237
3488 3 4236 4237 4238
3489 3 4237 4238 4239
3490 3 4238 4239 4240
3491 3 4239 4240 4241
3492 3 4240 4241 4242
3493 3 4241 4242 4243
3494 3 4242 4243 4244
3495 3 4243 4244 4245
3496 3 4246 4247 4248
3497 3 4247 4248 4249
3498 3 4248 4249 4250
3499 3 4249 4250 4251
3500 3 4250 4251 4252
3501 3 4251 4252 4253
3502 3 4252 4253 4254
3503 3 4253 4254 4255
3504 3 4254 4255 4256
3505 3 4255 4256 4257
3506 3 4256 4257 4258
3507 3 4257 4258 4259
3508 3 4258 4259 4260
3509 3 4259 4260 4261
3510 3 4260 4261 4262
3511 3 4261 4262 4263
3512 3 4262 4263 4264
3513 3 4265 4266 4267
3514 3 4266 4267 4268
3515 3 4267 4268 4269
3516 3 4268 4269 4270
3517 3 4269 4270 4271
3518 3 4270 4271 4272
3519 3 4271 4272 4273
3520 3 4272 4273 4274
3521 3 4273 4274 4275
3522 3 4274 4275 4276
3523 3 4275 4276 4277
3524 3 4276 4277 4278
3525 3 4277 4278 4279
3526 3 4278 4279 4280
3527 3 4279 4280 4281
3528 3 4280 4281 4282
3529 3 4281 4282 4283
3530 3 4284 4285 4286
3531 3 4285 4286 4287
3532 3 4286 4287 4288
3533 3 4287 4288 4289
3534 3 4288 4289 4290
3535 3 4289 4290 4291
3536 3 4290 4291 4292
3537 3 4291 4292 4293
3538 3 4292 4293 4294
3539 3 4293 4294 4295
3540 3 4294 4295 4296
3541 3 4295 4296 4297
3542 3 4296 4297 4298
3543 3 4297 4298 4299
3544 3 4298 4299 4300
3545 3 4299 4300 4301
3546 3 4300 4301 4302
3547 3 4303 4304 4305
3548 3 4304 4305 4306
3549 3 4305 4306 4307
3550 3 4306 4307 4308
3551 3 4307 4308 4309
3552 3 4308 4309 4310
3553 3 4309 4310 4311
3554 3 4310 4311 4312
3555 3 4311 4312 4313
3556 3 4312 4313 4314
3557 3 4313 4314 4315
3558 3 4314 4315 4316
3559 3 4315 4316 4317
3560 3 4316 4317 4318
3561 3 4317 4318 4319
3562 3 4318 4319 4320
3563 3 4319 4320 4321
3564 3 4322 4323 4324
3565 3 4323 4324 4325
3566 3 4324 4325 4326
3567 3 4325 4326 4327
3568 3 4326 4327 4328
3569 3 4327 4328 4329
3570 3 4328 4329 4330
3571 3 4329 4330 4331
3572 3 4330 4331 4332
3573 3 4331 4332 4333
3574 3 4332 4333 4334
3575 3 4333 4334 4335
3576 3 4334 4335 4336
3577 3 4335 4336 4337
3578 3 4336 4337 4338
3579 3 4337 4338 4339
3580 3 4338 4339 4340
3581 3 4341 4342 4343
3582 3 4342 4343 4344
3583 3 4343 4344 4345
3584 3 4344 4345 4346
3585 3 4345 4346 4347
3586 3 4346 4347 4348
3587 3 4347 4348 4349
3588 3 4348 4349 4350
3589 3 4349 4350 4351
3590 3 4350 4351 4352
3591 3 4351 4352 4353
3592 3 4352 4353 4354
3593 3 4353 4354 4355
3594 3 4354 4355 4356
3595 3 4355 4356 4357
3596 3 4356 4357 4358
3597 3 4357 4358 4359
3598 3 4360 4361 4362
3599 3 4361 4362 4363
3600 3 4362 4363 4364
3601 3 4363 4364 4365
3602 3 4364 4365 4366
3603 3 4365 4366 4367
3604 3 4366 4367 4368
3605 3 4367 4368 4369
3606 3 4368 4369 4370
3607 3 4369 4370 4371
3608 3 4370 4371 4372
3609 3 4371 4372 4373
3610 3 4372 4373 4374
3611 3 4373 4374 4375
3612 3 4374 4375 4376
3613 3 4375 4376 4377
3614 3 4376 4377 4378
3615 3 4379 4380 4381
3616 3 4380 4381 4382
3617 3 4381 4382 4383
3618 3 4382 4383 4384
3619 3 4383 4384 4385
3620 3 4384 4385 4386
3621 3 4385 4386 4387
3622 3 4386 4387 4388
3623 3 4387 4388 4389
3624 3 4388 4389 4390
3625 3 4389 4390 4391
3626 3 4390 4391 4392
3627 3 4391 4392 4393
3628 3 4392 4393 4394
3629 3 4393 4394 4395
3630 3 4394 4395 4396
3631 3 4395 4396 4397
3632 3 4398 4399 4400
3633 3 4399 4400 4401
3634 3 4400 4401 4402
3635 3 4401 4402 4403
3636 3 4402 4403 4404
3637 3 4403 4404 4405
3638 3 4404 4405 4406
3639 3 4405 4406 4407
3640 3 4406 4407 4408
3641 3 4407 4408 4409
3642 3 4408 4409 4410
3643 3 4409 4410 4411
3644 3 4410 4411 4412
3645 3 4411 4412 4413
3646 3 4412 4413 4414
3647 3 4413 4414 4415
3648 3 4414 4415 4416
3649 3 4417 4418 4419
3650 3 4418 4419 4420
3651 3 4419 4420 4421
3652 3 4420 4421 4422
3653 3 4421 4422 4423
3654 3 4422 4423 4424
3655 3 4423 4424 4425
3656 3 4424 4425 4426
3657 3 4425 4426 4427
3658 3 4426 4427 4428
3659 3 4427 4428 4429
3660 3 4428 4429 4430
3661 3 4429 4430 4431
3662 3 4430 4431 4432
3663 3 4431 4432 4433
3664 3 4432 4433 4434
3665 3 4433 4434 4435
3666 3 4436 4437 4438
3667 3 4437 4438 4439
3668 3 4438 4439 4440
3669 3 4439 4440 4441
3670 3 4440 4441 4442
3671 3 4441 4442 4443
3672 3 4442 4443 4444
3673 3 4443 4444 4445
3674 3 4444 4445 4446
3675 3 4445 4446 4447
3676 3 4446 4447 4448
3677 3 4447 4448 4449
3678 3 4448 4449 4450
3679 3 4449 4450 4451
3680 3 4450 4451 4452
3681 3 4451 4452 4453
3682 3 4452 4453 4454
3683 3 4455 4456 4457
3684 3 4456 4457 4458
3685 3 4457 4458 4459
3686 3 4458 4459 4460
3687 3 4459 4460 4461
3688 3 4460 4461 4462
3689 3 4461 4462 4463
3690 3 4462 4463 4464
3691 3 4463 4464 4465
3692 3 4464 4465 4466
3693 3 4465 4466 4467
3694 3 4466 4467 4468
3695 3 4467 4468 4469
3696 3 4468 4469 4470
3697 3 4469 4470 4471
3698 3 4470 4471 4472
3699 3 4471 4472 4473
3700 3 4474 4475 4476
3701 3 4475 4476 4477
3702 3 4476 4477 4478
3703 3 4477 4478 4479
3704 3 4478 4479 4480
3705 3 4479 4480 4481
3706 3 4480 4481 4482
3707 3 4481 4482 4483
3708 3 4482 4483 4484
3709 3 4483 4484 4485
3710 3 4484 4485 4486
3711 3 4485 4486 4487
3712 3 4486 4487 4488
3713 3 4487 4488 4489
3714 3 4488 4489 4490
3715 3 4489 4490 4491
3716 3 4490 4491 4492
3717 3 4493 4494 4495
3718 3 4494 4495 4496
3719 3 4495 4496 4497
3720 3 4496 4497 4498
3721 3 4497 4498 4499
3722 3 4498 4499 4500
3723 3 4499 4500 4501
3724 3 4500 4501 4502
3725 3 4501 4502 4503
3726 3 4502 4503 4504
3727 3 4503 4504 4505
3728 3 4504 4505 4506
3729 3 4505 4506 4507
3730 3 4506 4507 4508
3731 3 4507 4508 4509
3732 3 4508 4509 4510
3733 3 4509 4510 4511
3734 3 4512 4513 4514
3735 3 4513 4514 4515
3736 3 4514 4515 4516
3737 3 4515 4516 4517
3738 3 4516 4517 4518
3739 3 4517 4518 4519
3740 3 4518 4519 4520
3741 3 4519 4520 4521
3742 3 4520 4521 4522
3743 3 4521 4522 4523
3744 3 4522 4523 4524
3745 3 4523 4524 4525
3746 3 4524 4525 4526
3747 3 4525 4526 4527
3748 3 4526 4527 4528
3749 3 4527 4528 4529
3750 3 4528 4529 4530
3751 3 4531 4532 4533
3752 3 4532 4533 4534
3753 3 4533 4534 4535
3754 3 4534 4535 4536
3755 3 4535 4536 4537
3756 3 4536 4537 4538
3757 3 4537 4538 4539
3758 3 4538 4539 4540
3759 3 4539 4540 4541
3760 3 4540 4541 4542
3761 3 4541 4542 4543
3762 3 4542 4543 4544
3763 3 4543 4544 4545
3764 3 4544 4545 4546
3765 3 4545 4546 4547
3766 3 4546 4547 4548
3767 3 4547 4548 4549
3768 3 4550 4551 4552
3769 3 4551 4552 4553
3770 3 4552 4553 4554
3771 3 4553 4554 4555
3772 3 4554 4555 4556
3773 3 4555 4556 4557
3774 3 4556 4557 4558
3775 3 4557 4558 4559
3776 3 4558 4559 4560
3777 3 4559 4560 4561
3778 3 4560 4561 4562
3779 3 4561 4562 4563
3780 3 4562 4563 4564
3781 3 4563 4564 4565
3782 3 4564 4565 4566
3783 3 4565 4566 4567
3784 3 4566 4567 4568
3785 3 4569 4570 4571
3786 3 4570 4571 4572
3787 3 4571 4572 4573
3788 3 4572 4573 4574
3789 3 4573 4574 4575
3790 3 4574 4575 4576
3791 3 4575 4576 4577
3792 3 4576 4577 4578
3793 3 4577 4578 4579
3794 3 4578 4579 4580
3795 3 4579 4580 4581
3796 3 4580 4581 4582
3797 3 4581 4582 4583
3798 3 4582 4583 4584
3799 3 4583 4584 4585
3800 3 4584 4585 4586
3801 3 4585 4586 4587
3802 3 4588 4589 4590
3803 3 4589 4590 4591
3804 3 4590 4591 4592
3805 3 4591 4592 4593
3806 3 4592 4593 4594
3807 3 4593 4594 4595
3808 3 4594 4595 4596
3809 3 4595 4596 4597
3810 3 4596 4597 4598
3811 3 4597 4598 4599
3812 3 4598 4599 4600
3813 3 4599 4600 4601
3814 3 4600 4601 4602
3815 3 4601 4602 4603
3816 3 4602 4603 4604
3817 3 4603 4604 4605
3818 3 4604 4605 4606
3819 3 4607 4608 4609
3820 3 4608 4609 4610
3821 3 4609 4610 4611
3822 3 4610 4611 4612
3823 3 4611 4612 4613
3824 3 4612 4613 4614
3825 3 4613 4614 4615
3826 3 4614 4615 4616
3827 3 4615 4616 4617
3828 3 4616 4617 4618
3829 3 4617 4618 4619
3830 3 4618 4619 4620
3831 3 4619 4620 4621
3832 3 4620 4621 4622
3833 3 4621 4622 4623
3834 3 4622 4623 4624
3835 3 4623 4624 4625
3836 3 4626 4627 4628
3837 3 4627 4628 4629
3838 3 4628 4629 4630
3839 3 4629 4630 4631
3840 3 4630 4631 4632
3841 3 4631 4632 4633
3842 3 4632 4633 4634
3843 3 4633 4634 4635
3844 3 4634 4635 4636
3845 3 4635 4636 4637
3846 3 4636 4637 4638
3847 3 4637 4638 4639
3848 3 4638 4639 4640
3849 3 4639 4640 4641
3850 3 4640 4641 4642
3851 3 4641 4642 4643
3852 3 4642 4643 4644
3853 3 4645 4646 4647
3854 3 4646 4647 4648
3855 3 4647 4648 4649
3856 3 4648 4649 4650
3857 3 4649 4650 4651
3858 3 4650 4651 4652
3859 3 4651 4652 4653
3860 3 4652 4653 4654
3861 3 4653 4654 4655
3862 3 4654 4655 4656
3863 3 4655 4656 4657
3864 3 4656 4657 4658
3865 3 4657 4658 4659
3866 3 4658 4659 4660
3867 3 4659 4660 4661
3868 3 4660 4661 4662
3869 3 4661 4662 4663
3870 3 4664 4665 4666
3871 3 4665 4666 4667
3872 3 4666 4667 4668
3873 3 4667 4668 4669
3874 3 4668 4669 4670
3875 3 4669 4670 4671
3876 3 4670 4671 4672
3877 3 4671 4672 4673
3878 3 4672 4673 4674
3879 3 4673 4674 4675
3880 3 4674 4675 4676
3881 3 4675 4676 4677
3882 3 4676 4677 4678
3883 3 4677 4678 4679
3884 3 4678 4679 4680
3885 3 4679 4680 4681
3886 3 4680 4681 4682
3887 3 4683 4684 4685
3888 3 4684 4685 4686
3889 3 4685 4686 4687
3890 3 4686 4687 4688
3891 3 4687 4688 4689
3892 3 4688 4689 4690
3893 3 4689 4690 4691
3894 3 4690 4691 4692
3895 3 4691 4692 4693
3896 3 4692 4693 4694
3897 3 4693 4694 4695
3898 3 4694 4695 4696
3899 3 4695 4696 4697
3900 3 4696 4697 4698
3901 3 4697 4698 4699
3902 3 4698 4699 4700
3903 3 4699 4700 4701
3904 3 4702 4703 4704
3905 3 4703 4704 4705
3906 3 4704 4705 4706
3907 3 4705 4706 4707
3908 3 4706 4707 4708
3909 3 4707 4708 4709
3910 3 4708 4709 4710
3911 3 4709 4710 4711
3912 3 4710 4711 4712
3913 3 4711 4712 4713
3914 3 4712 4713 4714
3915 3 4713 4714 4715
3916 3 4714 4715 4716
3917 3 4715 4716 4717
3918 3 4716 4717 4718
3919 3 4717 4718 4719
3920 3 4718 4719 4720
3921 3 4721 4722 4723
3922 3 4722 4723 4724
3923 3 4723 4724 4725
3924 3 4724 4725 4726
3925 3 4725 4726 4727
3926 3 4726 4727 4728
3927 3 4727 4728 4729
3928 3 4728 4729 4730
3929 3 4729 4730 4731
3930 3 4730 4731 4732
3931 3 4731 4732 4733
3932 3 4732 4733 4734
3933 3 4733 4734 4735
3934 3 4734 4735 4736
3935 3 4735 4736 4737
3936 3 4736 4737 4738
3937 3 4737 4738 4739
3938 3 4740 4741 4742
3939 3 4741 4742 4743
3940 3 4742 4743 4744
3941 3 4743 4744 4745
3942 3 4744 4745 4746
3943 3 4745 4746 4747
3944 3 4746 4747 4748
3945 3 4747 4748 4749
3946 3 4748 4749 4750
3947 3 4749 4750 4751
3948 3 4750 4751 4752
3949 3 4751 4752 4753
3950 3 4752 4753 4754
3951 3 4753 4754 4755
3952 3 4754 4755 4756
3953 3 4755 4756 4757
3954 3 4756 4757 4758
3955 3 4759 4760 4761
3956 3 4760 4761 4762
3957 3 4761 4762 4763
3958 3 4762 4763 4764
3959 3 4763 4764 4765
3960 3 4764 4765 4766
3961 3 4765 4766 4767
3962 3 4766 4767 4768
3963 3 4767 4768 4769
3964 3 4768 4769 4770
3965 3 4769 4770 4771
3966 3 4770 4771 4772
3967 3 4771 4772 4773
3968 3 4772 4773 4774
3969 3 4773 4774 4775
3970 3 4774 4775 4776
3971 3 4775 4776 4777
3972 3 4778 4779 4780
3973 3 4779 4780 4781
3974 3 4780 4781 4782
3975 3 4781 4782 4783
3976 3 4782 4783 4784
3977 3 4783 4784 4785
3978 3 4784 4785 4786
3979 3 4785 4786 4787
3980 3 4786 4787 4788
3981 3 4787 4788 4789
3982 3 4788 4789 4790
3983 3 4789 4790 4791
3984 3 4790 4791 4792
3985 3 4791 4792 4793
3986 3 4792 4793 4794
3987 3 4793 4794 4795
3988 3 4794 4795 4796
3989 3 4797 4798 4799
3990 3 4798 4799 4800
3991 3 4799 4800 4801
3992 3 4800 4801 4802
3993 3 4801 4802 4803
3994 3 4802 4803 4804
3995 3 4803 4804 4805
3996 3 4804 4805 4806
3997 3 4805 4806 4807
3998 3 4806 4807 4808
3999 3 4807 4808 4809
4000 3 4808 4809 4810
4001 3 4809 4810 4811
4002 3 4810 4811 4812
4003 3 4811 4812 4813
4004 3 4812 4813 4814
4005 3 4813 4814 4815
4006 3 4816 4817 4818
4007 3 4817 4818 4819
4008 3 4818 4819 4820
4009 3 4819 4820 4821
4010 3 4820 4821 4822
4011 3 4821 4822 4823
4012 3 4822 4823 4824
4013 3 4823 4824 4825
4014 3 4824 4825 4826
4015 3 4825 4826 4827
4016 3 4826 4827 4828
4017 3 4827 4828 4829
4018 3 4828 4829 4830
4019 3 4829 4830 4831
4020 3 4830 4831 4832
4021 3 4831 4832 4833
4022 3 4832 4833 4834
4023 3 4835 4836 4837
4024 3 4836 4837 4838
4025 3 4837 4838 4839
4026 3 4838 4839 4840
4027 3 4839 4840 4841
4028 3 4840 4841 4842
4029 3 4841 4842 4843
4030 3 4842 4843 4844
4031 3 4843 4844 4845
4032 3 4844 4845 4846
4033 3 4845 4846 4847
4034 3 4846 4847 4848
4035 3 4847 4848 4849
4036 3 4848 4849 4850
4037 3 4849 4850 4851
4038 3 4850 4851 4852
4039 3 4851 4852 4853
4040 3 4854 4855 4856
4041 3 4855 4856 4857
4042 3 4856 4857 4858
4043 3 4857 4858 4859
4044 3 4858 4859 4860
4045 3 4859 4860 4861
4046 3 4860 4861 4862
4047 3 4861 4862 4863
4048 3 4862 4863 4864
4049 3 4863 4864 4865
4050 3 4864 4865 4866
4051 3 4865 4866 4867
4052 3 4866 4867 4868
4053 3 4867 4868 4869
4054 3 4868 4869 4870
4055 3 4869 4870 4871
4056 3 4870 4871 4872
4057 3 4873 4874 4875
4058 3 4874 4875 4876
4059 3 4875 4876 4877
4060 3 4876 4877 4878
4061 3 4877 4878 4879
4062 3 4878 4879 4880
4063 3 4879 4880 4881
4064 3 4880 4881 4882
4065 3 4881 4882 4883
4066 3 4882 4883 4884
4067 3 4883 4884 4885
4068 3 4884 4885 4886
4069 3 4885 4886 4887
4070 3 4886 4887 4888
4071 3 4887 4888 4889
4072 3 4888 4889 4890
4073 3 4889 4890 4891
4074 3 4892 4893 4894
4075 3 4893 4894 4895
4076 3 4894 4895 4896
4077 3 4895 4896 4897
4078 3 4896 4897 4898
4079 3 4897 4898 4899
4080 3 4898 4899 4900
4081 3 4899 4900 4901
4082 3 4900 4901 4902
4083 3 4901 4902 4903
4084 3 4902 4903 4904
4085 3 4903 4904 4905
4086 3 4904 4905 4906
4087 3 4905 4906 4907
4088 3 4906 4907 4908
4089 3 4907 4908 4909
4090 3 4908 4909 4910
4091 3 4911 4912 4913
4092 3 4912 4913 4914
4093 3 4913 4914 4915
4094 3 4914 4915 4916
4095 3 4915 4916 4917
4096 3 4916 4917 4918
4097 3 4917 4918 4919
4098 3 4918 4919 4920
4099 3 4919 4920 4921
4100 3 4920 4921 4922
4101 3 4921 4922 4923
4102 3 4922 4923 4924
4103 3 4923 4924 4925
4104 3 4924 4925 4926
4105 3 4925 4926 4927
4106 3 4926 4927 4928
4107 3 4927 4928 4929
4108 3 4930 4931 4932
4109 3 4931 4932 4933
4110 3 4932 4933 4934
4111 3 4933 4934 4935
4112 3 4934 4935 4936
4113 3 4935 4936 4937
4114 3 4936 4937 4938
4115 3 4937 4938 4939
4116 3 4938 4939 4940
4117 3 4939 4940 4941
4118 3 4940 4941 4942
4119 3 4941 4942 4943
4120 3 4942 4943 4944
4121 3 4943 4944 4945
4122 3 4944 4945 4946
4123 3 4945 4946 4947
4124 3 4946 4947 4948
4125 3 4949 4950 4951
4126 3 4950 4951 4952
4127 3 4951 4952 4953
4128 3 4952 4953 4954
4129 3 4953 4954 4955
4130 3 4954 4955 4956
4131 3 4955 4956 4957
4132 3 4956 4957 4958
4133 3 4957 4958 4959
4134 3 4958 4959 4960
4135 3 4959 4960 4961
4136 3 4960 4961 4962
4137 3 4961 4962 4963
4138 3 4962 4963 4964
4139 3 4963 4964 4965
4140 3 4964 4965 4966
4141 3 4965 4966 4967
4142 3 4968 4969 4970
4143 3 4969 4970 4971
4144 3 4970 4971 4972
4145 3 4971 4972 4973
4146 3 4972 4973 4974
4147 3 4973 4974 4975
4148 3 4974 4975 4976
4149 3 4975 4976 4977
4150 3 4976 4977 4978
4151 3 4977 4978 4979
4152 3 4978 4979 4980
4153 3 4979 4980 4981
4154 3 4980 4981 4982
4155 3 4981 4982 4983
4156 3 4982 4983 4984
4157 3 4983 4984 4985
4158 3 4984 4985 4986
4159 3 4987 4988 4989
4160 3 4988 4989 4990
4161 3 4989 4990 4991
4162 3 4990 4991 4992
4163 3 4991 4992 4993
4164 3 4992 4993 4994
4165 3 4993 4994 4995
4166 3 4994 4995 4996
4167 3 4995 4996 4997
4168 3 4996 4997 4998
4169 3 4997 4998 4999
4170 3 4998 4999 5000
4171 3 4999 5000 5001
4172 3 5000 5001 5002
4173 3 5001 5002 5003
4174 3 5002 5003 5004
4175 3 5003 5004 5005
4176 3 5006 5007 5008
4177 3 5007 5008 5009
4178 3 5008 5009 5010
4179 3 5009 5010 5011
4180 3 5010 5011 5012
4181 3 5011 5012 5013
4182 3 5012 5013 5014
4183 3 5013 5014 5015
4184 3 5014 5015 5016
4185 3 5015 5016 5017
4186 3 5016 5017 5018
4187 3 5017 5018 5019
4188 3 5018 5019 5020
4189 3 5019 5020 5021
4190 3 5020 5021 5022
4191 3 5021 5022 5023
4192 3 5022 5023 5024
4193 3 5025 5026 5027
4194 3 5026 5027 5028
4195 3 5027 5028 5029
4196 3 5028 5029 5030
4197 3 5029 5030 5031
4198 3 5030 5031 5032
4199 3 5031 5032 5033
4200 3 5032 5033 5034
4201 3 5033 5034 5035
4202 3 5034 5035 5036
4203 3 5035 5036 5037
4204 3 5036 5037 5038
4205 3 5037 5038 5039
4206 3 5038 5039 5040
4207 3 5039 5040 5041
4208 3 5040 5041 5042
4209 3 5041 5042 5043
4210 3 5044 5045 5046
4211 3 5045 5046 5047
4212 3 5046 5047 5048
4213 3 5047 5048 5049
4214 3 5048 5049 5050
4215 3 5049 5050 5051
4216 3 5050 5051 5052
4217 3 5051 5052 5053
4218 3 5052 5053 5054
4219 3 5053 5054 5055
4220 3 5054 5055 5056
4221 3 5055 5056 5057
4222 3 5056 5057 5058
4223 3 5057 5058 5059
4224 3 5058 5059 5060
4225 3 5059 5060 5061
4226 3 5060 5061 5062
4227 3 5063 5064 5065
4228 3 5064 5065 5066
4229 3 5065 5066 5067
4230 3 5066 5067 5068
4231 3 5067 5068 5069
4232 3 5068 5069 5070
4233 3 5069 5070 5071
4234 3 5070 5071 5072
4235 3 5071 5072 5073
4236 3 5072 5073 5074
4237 3 5073 5074 5075
4238 3 5074 5075 5076
4239 3 5075 5076 5077
4240 3 5076 5077 5078
4241 3 5077 5078 5079
4242 3 5078 5079 5080
4243 3 5079 5080 5081
4244 3 5082 5083 5084
4245 3 5083 5084 5085
4246 3 5084 5085 5086
4247 3 5085 5086 5087
4248 3 5086 5087 5088
4249 3 5087 5088 5089
4250 3 5088 5089 5090
4251 3 5089 5090 5091
4252 3 5090 5091 5092
4253 3 5091 5092 5093
4254 3 5092 5093 5094
4255 3 5093 5094 5095
4256 3 5094 5095 5096
4257 3 5095 5096 5097
4258 3 5096 5097 5098
4259 3 5097 5098 5099
4260 3 5098 5099 5100
4261 3 5101 5102 5103
4262 3 5102 5103 5104
4263 3 5103 5104 5105
4264 3 5104 5105 5106
4265 3 5105 5106 5107
4266 3 5106 5107 5108
4267 3 5107 5108 5109
4268 3 5108 5109 5110
4269 3 5109 5110 5111
4270 3 5110 5111 5112
4271 3 5111 5112 5113
4272 3 5112 5113 5114
4273 3 5113 5114 5115
4274 3 5114 5115 5116
4275 3 5115 5116 5117
4276 3 5116 5117 5118
4277 3 5117 5118 5119
4278 3 5120 5121 5122
4279 3 5121 5122 5123
4280 3 5122 5123 5124
4281 3 5123 5124 5125
4282 3 5124 5125 5126
4283 3 5125 5126 5127
4284 3 5126 5127 5128
4285 3 5127 5128 5129
4286 3 5128 5129 5130
4287 3 5129 5130 5131
4288 3 5130 5131 5132
4289 3 5131 5132 5133
4290 3 5132 5133 5134
4291 3 5133 5134 5135
4292 3 5134 5135 5136
4293 3 5135 5136 5137
4294 3 5136 5137 5138
4295 3 5139 5140 5141
4296 3 5140 5141 5142
4297 3 5141 5142 5143
4298 3 5142 5143 5144
4299 3 5143 5144 5145
4300 3 5144 5145 5146
4301 3 5145 5146 5147
4302 3 5146 5147 5148
4303 3 5147 5148 5149
4304 3 5148 5149 5150
4305 3 5149 5150 5151
4306 3 5150 5151 5152
4307 3 5151 5152 5153
4308 3 5152 5153 5154
4309 3 5153 5154 5155
4310 3 5154 5155 5156
4311 3 5155 5156 5157
4312 3 5158 5159 5160
4313 3 5159 5160 5161
4314 3 5160 5161 5162
4315 3 5161 5162 5163
4316 3 5162 5163 5164
4317 3 5163 5164 5165
4318 3 5164 5165 5166
4319 3 5165 5166 5167
4320 3 5166 5167 5168
4321 3 5167 5168 5169
4322 3 5168 5169 5170
4323 3 5169 5170 5171
4324 3 5170 5171 5172
4325 3 5171 5172 5173
4326 3 5172 5173 5174
4327 3 5173 5174 5175
4328 3 5174 5175 5176
4329 3 5177 5178 5179
4330 3 5178 5179 5180
4331 3 5179 5180 5181
4332 3 5180 5181 5182
4333 3 5181 5182 5183
4334 3 5182 5183 5184
4335 3 5183 5184 5185
4336 3 5184 5185 5186
4337 3 5185 5186 5187
4338 3 5186 5187 5188
4339 3 5187 5188 5189
4340 3 5188 5189 5190
4341 3 5189 5190 5191
4342 3 5190 5191 5192
4343 3 5191 5192 5193
4344 3 5192 5193 5194
4345 3 5193 5194 5195
4346 3 5196 5197 5198
4347 3 5197 5198 5199
4348 3 5198 5199 5200
4349 3 5199 5200 5201
4350 3 5200 5201 5202
4351 3 5201 5202 5203
4352 3 5202 5203 5204
4353 3 5203 5204 5205
4354 3 5204 5205 5206
4355 3 5205 5206 5207
4356 3 5206 5207 5208
4357 3 5207 5208 5209
4358 3 5208 5209 5210
4359 3 5209 5210 5211
4360 3 5210 5211 5212
4361 3 5211 5212 5213
4362 3 5212 5213 5214
4363 3 5215 5216 5217
4364 3 5216 5217 5218
4365 3 5217 5218 5219
4366 3 5218 5219 5220
4367 3 5219 5220 5221
4368 3 5220 5221 5222
4369 3 5221 5222 5223
4370 3 5222 5223 5224
4371 3 5223 5224 5225
4372 3 5224 5225 5226
4373 3 5225 5226 5227
4374 3 5226 5227 5228
4375 3 5227 5228 5229
4376 3 5228 5229 5230
4377 3 5229 5230 5231
4378 3 5230 5231 5232
4379 3 5231 5232 5233
4380 3 5234 5235 5236
4381 3 5235 5236 5237
4382 3 5236 5237 5238
4383 3 5237 5238 5239
4384 3 5238 5239 5240
4385 3 5239 5240 5241
4386 3 5240 5241 5242
4387 3 5241 5242 5243
4388 3 5242 5243 5244
4389 3 5243 5244 5245
4390 3 5244 5245 5246
4391 3 5245 5246 5247
4392 3 5246 5247 5248
4393 3 5247 5248 5249
4394 3 5248 5249 5250
4395 3 5249 5250 5251
4396 3 5250 5251 5252
4397 3 5253 5254 5255
4398 3 5254 5255 5256
4399 3 5255 5256 5257
4400 3 5256 5257 5258
4401 3 5257 5258 5259
4402 3 5258 5259 5260
4403 3 5259 5260 5261
4404 3 5260 5261 5262
4405 3 5261 5262 5263
4406 3 5262 5263 5264
4407 3 5263 5264 5265
4408 3 5264 5265 5266
4409 3 5265 5266 5267
4410 3 5266 5267 5268
4411 3 5267 5268 5269
4412 3 5268 5269 5270
4413 3 5269 5270 5271
4414 3 5272 5273 5274
4415 3 5273 5274 5275
4416 3 5274 5275 5276
4417 3 5275 5276 5277
4418 3 5276 5277 5278
4419 3 5277 5278 5279
4420 3 5278 5279 5280
4421 3 5279 5280 5281
4422 3 5280 5281 5282
4423 3 5281 5282 5283
4424 3 5282 5283 5284
4425 3 5283 5284 5285
4426 3 5284 5285 5286
4427 3 5285 5286 5287
4428 3 5286 5287 5288
4429 3 5287 5288 5289
4430 3 5288 5289 5290
4431 3 5291 5292 5293
4432 3 5292 5293 5294
4433 3 5293 5294 5295
4434 3 5294 5295 5296
4435 3 5295 5296 5297
4436 3 5296 5297 5298
4437 3 5297 5298 5299
4438 3 5298 5299 5300
4439 3 5299 5300 5301
4440 3 5300 5301 5302
4441 3 5301 5302 5303
4442 3 5302 5303 5304
4443 3 5303 5304 5305
4444 3 5304 5305 5306
4445 3 5305 5306 5307
4446 3 5306 5307 5308
4447 3 5307 5308 5309
4448 3 5310 5311 5312
4449 3 5311 5312 5313
4450 3 5312 5313 5314
4451 3 5313 5314 5315
4452 3 5314 5315 5316
4453 3 5315 5316 5317
4454 3 5316 5317 5318
4455 3 5317 5318 5319
4456 3 5318 5319 5320
4457 3 5319 5320 5321
4458 3 5320 5321 5322
4459 3 5321 5322 5323
4460 3 5322 5323 5324
4461 3 5323 5324 5325
4462 3 5324 5325 5326
4463 3 5325 5326 5327
4464 3 5326 5327 5328
4465 3 5329 5330 5331
4466 3 5330 5331 5332
4467 3 5331 5332 5333
4468 3 5332 5333 5334
4469 3 5333 5334 5335
4470 3 5334 5335 5336
4471 3 5335 5336 5337
4472 3 5336 5337 5338
4473 3 5337 5338 5339
4474 3 5338 5339 5340
4475 3 5339 5340 5341
4476 3 5340 5341 5342
4477 3 5341 5342 5343
4478 3 5342 5343 5344
4479 3 5343 5344 5345
4480 3 5344 5345 5346
4481 3 5345 5346 5347
4482 3 5348 5349 5350
4483 3 5349 5350 5351
4484 3 5350 5351 5352
4485 3 5351 5352 5353
4486 3 5352 5353 5354
4487 3 5353 5354 5355
4488 3 5354 5355 5356
4489 3 5355 5356 5357
4490 3 5356 5357 5358
4491 3 5357 5358 5359
4492 3 5358 5359 5360
4493 3 5359 5360 5361
4494 3 5360 5361 5362
4495 3 5361 5362 5363
4496 3 5362 5363 5364
4497 3 5363 5364 5365
4498 3 5364 5365 5366
4499 3 5367 5368 5369
4500 3 5368 5369 5370
4501 3 5369 5370 5371
4502 3 5370 5371 5372
4503 3 5371 5372 5373
4504 3 5372 5373 5374
4505 3 5373 5374 5375
4506 3 5374 5375 5376
4507 3 5375 5376 5377
4508 3 5376 5377 5378
4509 3 5377 5378 5379
4510 3 5378 5379 5380
4511 3 5379 5380 5381
4512 3 5380 5381 5382
4513 3 5381 5382 5383
4514 3 5382 5383 5384
4515 3 5383 5384 5385
4516 3 5386 5387 5388
4517 3 5387 5388 5389
4518 3 5388 5389 5390
4519 3 5389 5390 5391
4520 3 5390 5391 5392
4521 3 5391 5392 5393
4522 3 5392 5393 5394
4523 3 5393 5394 5395
4524 3 5394 5395 5396
4525 3 5395 5396 5397
4526 3 5396 5397 5398
4527 3 5397 5398 5399
4528 3 5398 5399 5400
4529 3 5399 5400 5401
4530 3 5400 5401 5402
4531 3 5401 5402 5403
4532 3 5402 5403 5404
4533 3 5405 5406 5407
4534 3 5406 5407 5408
4535 3 5407 5408 5409
4536 3 5408 5409 5410
4537 3 5409 5410 5411
4538 3 5410 5411 5412
4539 3 5411 5412 5413
4540 3 5412 5413 5414
4541 3 5413 5414 5415
4542 3 5414 5415 5416
4543 3 5415 5416 5417
4544 3 5416 5417 5418
4545 3 5417 5418 5419
4546 3 5418 5419 5420
4547 3 5419 5420 5421
4548 3 5420 5421 5422
4549 3 5421 5422 5423
4550 3 5424 5425 5426
4551 3 5425 5426 5427
4552 3 5426 5427 5428
4553 3 5427 5428 5429
4554 3 5428 5429 5430
4555 3 5429 5430 5431
4556 3 5430 5431 5432
4557 3 5431 5432 5433
4558 3 5432 5433 5434
4559 3 5433 5434 5435
4560 3 5434 5435 5436
4561 3 5435 5436 5437
4562 3 5436 5437 5438
4563 3 5437 5438 5439
4564 3 5438 5439 5440
4565 3 5439 5440 5441
4566 3 5440 5441 5442
4567 3 5443 5444 5445
4568 3 5444 5445 5446
4569 3 5445 5446 5447
4570 3 5446 5447 5448
4571 3 5447 5448 5449
4572 3 5448 5449 5450
4573 3 5449 5450 5451
4574 3 5450 5451 5452
4575 3 5451 5452 5453
4576 3 5452 5453 5454
4577 3 5453 5454 5455
4578 3 5454 5455 5456
4579 3 5455 5456 5457
4580 3 5456 5457 5458
4581 3 5457 5458 5459
4582 3 5458 5459 5460
4583 3 5459 5460 5461
4584 3 5462 5463 5464
4585 3 5463 5464 5465
4586 3 5464 5465 5466
4587 3 5465 5466 5467
4588 3 5466 5467 5468
4589 3 5467 5468 5469
4590 3 5468 5469 5470
4591 3 5469 5470 5471
4592 3 5470 5471 5472
4593 3 5471 5472 5473
4594 3 5472 5473 5474
4595 3 5473 5474 5475
4596 3 5474 5475 5476
4597 3 5475 5476 5477
4598 3 5476 5477 5478
4599 3 5477 5478 5479
4600 3 5478 5479 5480
4601 4 5481 5482 5483
4602 4 5484 5485 5486
4603 4 5487 5488 5489
4604 4 5490 5491 5492
4605 4 5493 5494 5495
4606 4 5496 5497 5498
4607 4 5499 5500 5501
4608 4 5502 5503 5504
4609 4 5505 5506 5507
4610 4 5508 5509 5510
4611 4 5511 5512 5513
4612 4 5514 5515 5516
4613 4 5517 5518 5519
4614 4 5520 5521 5522
4615 4 5523 5524 5525
4616 4 5526 5527 5528
4617 4 5529 5530 5531
4618 4 5532 5533 5534
4619 4 5535 5536 5537
4620 4 5538 5539 5540
4621 4 5541 5542 5543
4622 4 5544 5545 5546
4623 4 5547 5548 5549
4624 4 5550 5551 5552
4625 4 5553 5554 5555
4626 4 5556 5557 5558
4627 4 5559 5560 5561
4628 4 5562 5563 5564
4629 4 5565 5566 5567
4630 4 5568 5569 5570
4631 4 5571 5572 5573
4632 4 5574 5575 5576
4633 4 5577 5578 5579
4634 4 5580 5581 5582
4635 4 5583 5584 5585
4636 4 5586 5587 5588
4637 4 5589 5590 5591
4638 4 5592 5593 5594
4639 4 5595 5596 5597
4640 4 5598 5599 5600
4641 4 5601 5602 5603
4642 4 5604 5605 5606
4643 4 5607 5608 5609
4644 4 5610 5611 5612
4645 4 5613 5614 5615
4646 4 5616 5617 5618
4647 4 5619 5620 5621
4648 4 5622 5623 5624
4649 4 5625 5626 5627
4650 4 5628 5629 5630
4651 4 5631 5632 5633
4652 4 5634 5635 5636
4653 4 5637 5638 5639
4654 4 5640 5641 5642
4655 4 5643 5644 5645
4656 4 5646 5647 5648
4657 4 5649 5650 5651
4658 4 5652 5653 5654
4659 4 5655 5656 5657
4660 4 5658 5659 5660
