1 1 1 2
2 1 2 3
3 1 3 4
4 1 4 5
5 1 5 6
6 1 6 7
7 1 7 8
8 1 8 9
9 1 9 10
10 1 11 12
11 1 12 13
12 1 13 14
13 1 14 15
14 1 15 16
15 1 16 17
16 1 17 18
17 1 18 19
18 1 19 20
19 1 21 22
20 1 22 23
21 1 23 24
22 1 24 25
23 1 25 26
24 1 26 27
25 1 27 28
26 1 28 29
27 1 29 30
28 1 31 32
29 1 32 33
30 1 33 34
31 1 34 35
32 1 35 36
33 1 36 37
34 1 37 38
35 1 38 39
36 1 39 40
37 1 41 42
38 1 42 43
39 1 43 44
40 1 44 45
41 1 45 46
42 1 46 47
43 1 47 48
44 1 48 49
45 1 49 50
46 1 51 52
47 1 52 53
48 1 53 54
49 1 54 55
50 1 55 56
51 1 56 57
52 1 57 58
53 1 58 59
54 1 59 60
55 1 61 62
56 1 62 63
57 1 63 64
58 1 64 65
59 1 65 66
60 1 66 67
61 1 67 68
62 1 68 69
63 1 69 70
64 1 71 72
65 1 72 73
66 1 73 74
67 1 74 75
68 1 75 76
69 1 76 77
70 1 77 78
71 1 78 79
72 1 79 80
73 1 81 82
74 1 82 83
75 1 83 84
76 1 84 85
77 1 85 86
78 1 86 87
79 1 87 88
80 1 88 89
81 1 89 90
82 1 91 92
83 1 92 93
84 1 93 94
85 1 94 95
86 1 95 96
87 1 96 97
88 1 97 98
89 1 98 99
90 1 99 100
91 1 101 102
92 1 102 103
93 1 103 104
94 1 104 105
95 1 105 106
96 1 106 107
97 1 107 108
98 1 108 109
99 1 109 110
100 1 111 112
101 1 112 113
102 1 113 114
103 1 114 115
104 1 115 116
105 1 116 117
106 1 117 118
107 1 118 119
108 1 119 120
109 1 121 122
110 1 122 123
111 1 123 124
112 1 124 125
113 1 125 126
114 1 126 127
115 1 127 128
116 1 128 129
117 1 129 130
118 1 131 132
119 1 132 133
120 1 133 134
121 1 134 135
122 1 135 136
123 1 136 137
124 1 137 138
125 1 138 139
126 1 139 140
127 1 141 142
128 1 142 143
129 1 143 144
130 1 144 145
131 1 145 146
132 1 146 147
133 1 147 148
134 1 148 149
135 1 149 150
136 1 151 152
137 1 152 153
138 1 153 154
139 1 154 155
140 1 155 156
141 1 156 157
142 1 157 158
143 1 158 159
144 1 159 160
145 1 161 162
146 1 162 163
147 1 163 164
148 1 164 165
149 1 165 166
150 1 166 167
151 1 167 168
152 1 168 169
153 1 169 170
154 1 171 172
155 1 172 173
156 1 173 174
157 1 174 175
158 1 175 176
159 1 176 177
160 1 177 178
161 1 178 179
162 1 179 180
163 1 181 182
164 1 182 183
165 1 183 184
166 1 184 185
167 1 185 186
168 1 186 187
169 1 187 188
170 1 188 189
171 1 189 190
172 1 191 192
173 1 192 193
174 1 193 194
175 1 194 195
176 1 195 196
177 1 196 197
178 1 197 198
179 1 198 199
180 1 199 200
181 1 201 202
182 1 202 203
183 1 203 204
184 1 204 205
185 1 205 206
186 1 206 207
187 1 207 208
188 1 208 209
189 1 209 210
190 1 211 212
191 1 212 213
192 1 213 214
193 1 214 215
194 1 215 216
195 1 216 217
196 1 217 218
197 1 218 219
198 1 219 220
199 1 221 222
200 1 222 223
201 1 223 224
202 1 224 225
203 1 225 226
204 1 226 227
205 1 227 228
206 1 228 229
207 1 229 230
208 1 231 232
209 1 232 233
210 1 233 234
211 1 234 235
212 1 235 236
213 1 236 237
214 1 237 238
215 1 238 239
216 1 239 240
217 1 241 242
218 1 242 243
219 1 243 244
220 1 244 245
221 1 245 246
222 1 246 247
223 1 247 248
224 1 248 249
225 1 249 250
226 1 251 252
227 1 252 253
228 1 253 254
229 1 254 255
230 1 255 256
231 1 256 257
232 1 257 258
233 1 258 259
234 1 259 260
235 1 261 262
236 1 262 263
237 1 263 264
238 1 264 265
239 1 265 266
240 1 266 267
241 1 267 268
242 1 268 269
243 1 269 270
244 1 271 272
245 1 272 273
246 1 273 274
247 1 274 275
248 1 275 276
249 1 276 277
250 1 277 278
251 1 278 279
252 1 279 280
253 1 281 282
254 1 282 283
255 1 283 284
256 1 284 285
257 1 285 286
258 1 286 287
259 1 287 288
260 1 288 289
261 1 289 290
262 1 291 292
263 1 292 293
264 1 293 294
265 1 294 295
266 1 295 296
267 1 296 297
268 1 297 298
269 1 298 299
270 1 299 300
271 1 301 302
272 1 302 303
273 1 303 304
274 1 304 305
275 1 305 306
276 1 306 307
277 1 307 308
278 1 308 309
279 1 309 310
280 1 311 312
281 1 312 313
282 1 313 314
283 1 314 315
284 1 315 316
285 1 316 317
286 1 317 318
287 1 318 319
288 1 319 320
289 1 321 322
290 1 322 323
291 1 323 324
292 1 324 325
293 1 325 326
294 1 326 327
295 1 327 328
296 1 328 329
297 1 329 330
298 1 331 332
299 1 332 333
300 1 333 334
301 1 334 335
302 1 335 336
303 1 336 337
304 1 337 338
305 1 338 339
306 1 339 340
307 1 341 342
308 1 342 343
309 1 343 344
310 1 344 345
311 1 345 346
312 1 346 347
313 1 347 348
314 1 348 349
315 1 349 350
316 1 351 352
317 1 352 353
318 1 353 354
319 1 354 355
320 1 355 356
321 1 356 357
322 1 357 358
323 1 358 359
324 1 359 360
325 1 361 362
326 1 362 363
327 1 363 364
328 1 364 365
329 1 365 366
330 1 366 367
331 1 367 368
332 1 368 369
333 1 369 370
334 1 371 372
335 1 372 373
336 1 373 374
337 1 374 375
338 1 375 376
339 1 376 377
340 1 377 378
341 1 378 379
342 1 379 380
343 1 381 382
344 1 382 383
345 1 383 384
346 1 384 385
347 1 385 386
348 1 386 387
349 1 387 388
350 1 388 389
351 1 389 390
352 1 391 392
353 1 392 393
354 1 393 394
355 1 394 395
356 1 395 396
357 1 396 397
358 1 397 398
359 1 398 399
360 1 399 400
361 1 401 402
362 1 402 403
363 1 403 404
364 1 404 405
365 1 405 406
366 1 406 407
367 1 407 408
368 1 408 409
369 1 409 410
370 1 411 412
371 1 412 413
372 1 413 414
373 1 414 415
374 1 415 416
375 1 416 417
376 1 417 418
377 1 418 419
378 1 419 420
379 1 421 422
380 1 422 423
381 1 423 424
382 1 424 425
383 1 425 426
384 1 426 427
385 1 427 428
386 1 428 429
387 1 429 430
388 1 431 432
389 1 432 433
390 1 433 434
391 1 434 435
392 1 435 436
393 1 436 437
394 1 437 438
395 1 438 439
396 1 439 440
397 1 441 442
398 1 442 443
399 1 443 444
400 1 444 445
401 1 445 446
402 1 446 447
403 1 447 448
404 1 448 449
405 1 449 450
406 1 451 452
407 1 452 453
408 1 453 454
409 1 454 455
410 1 455 456
411 1 456 457
412 1 457 458
413 1 458 459
414 1 459 460
415 1 461 462
416 1 462 463
417 1 463 464
418 1 464 465
419 1 465 466
420 1 466 467
421 1 467 468
422 1 468 469
423 1 469 470
424 1 471 472
425 1 472 473
426 1 473 474
427 1 474 475
428 1 475 476
429 1 476 477
430 1 477 478
431 1 478 479
432 1 479 480
433 1 481 482
434 1 482 483
435 1 483 484
436 1 484 485
437 1 485 486
438 1 486 487
439 1 487 488
440 1 488 489
441 1 489 490
442 1 491 492
443 1 492 493
444 1 493 494
445 1 494 495
446 1 495 496
447 1 496 497
448 1 497 498
449 1 498 499
450 1 499 500
451 1 501 502
452 1 502 503
453 1 503 504
454 1 504 505
455 1 505 506
456 1 506 507
457 1 507 508
458 1 508 509
459 1 509 510
460 1 511 512
461 1 512 513
462 1 513 514
463 1 514 515
464 1 515 516
465 1 516 517
466 1 517 518
467 1 518 519
468 1 519 520
469 1 521 522
470 1 522 523
471 1 523 524
472 1 524 525
473 1 525 526
474 1 526 527
475 1 527 528
476 1 528 529
477 1 529 530
478 1 531 532
479 1 532 533
480 1 533 534
481 1 534 535
482 1 535 536
483 1 536 537
484 1 537 538
485 1 538 539
486 1 539 540
487 1 541 542
488 1 542 543
489 1 543 544
490 1 544 545
491 1 545 546
492 1 546 547
493 1 547 548
494 1 548 549
495 1 549 550
496 1 551 552
497 1 552 553
498 1 553 554
499 1 554 555
500 1 555 556
501 1 556 557
502 1 557 558
503 1 558 559
504 1 559 560
505 1 561 562
506 1 562 563
507 1 563 564
508 1 564 565
509 1 565 566
510 1 566 567
511 1 567 568
512 1 568 569
513 1 569 570
514 1 571 572
515 1 572 573
516 1 573 574
517 1 574 575
518 1 575 576
519 1 576 577
520 1 577 578
521 1 578 579
522 1 579 580
523 1 581 582
524 1 582 583
525 1 583 584
526 1 584 585
527 1 585 586
528 1 586 587
529 1 587 588
530 1 588 589
531 1 589 590
532 1 591 592
533 1 592 593
534 1 593 594
535 1 594 595
536 1 595 596
537 1 596 597
538 1 597 598
539 1 598 599
540 1 599 600
541 1 601 602
542 1 602 603
543 1 603 604
544 1 604 605
545 1 605 606
546 1 606 607
547 1 607 608
548 1 608 609
549 1 609 610
550 1 611 612
551 1 612 613
552 1 613 614
553 1 614 615
554 1 615 616
555 1 616 617
556 1 617 618
557 1 618 619
558 1 619 620
559 1 621 622
560 1 622 623
561 1 623 624
562 1 624 625
563 1 625 626
564 1 626 627
565 1 627 628
566 1 628 629
567 1 629 630
568 1 631 632
569 1 632 633
570 1 633 634
571 1 634 635
572 1 635 636
573 1 636 637
574 1 637 638
575 1 638 639
576 1 639 640
577 1 641 642
578 1 642 643
579 1 643 644
580 1 644 645
581 1 645 646
582 1 646 647
583 1 647 648
584 1 648 649
585 1 649 650
586 1 651 652
587 1 652 653
588 1 653 654
589 1 654 655
590 1 655 656
591 1 656 657
592 1 657 658
593 1 658 659
594 1 659 660
595 1 661 662
596 1 662 663
597 1 663 664
598 1 664 665
599 1 665 666
600 1 666 667
601 1 667 668
602 1 668 669
603 1 669 670
604 1 671 672
605 1 672 673
606 1 673 674
607 1 674 675
608 1 675 676
609 1 676 677
610 1 677 678
611 1 678 679
612 1 679 680
613 1 681 682
614 1 682 683
615 1 683 684
616 1 684 685
617 1 685 686
618 1 686 687
619 1 687 688
620 1 688 689
621 1 689 690
622 1 691 692
623 1 692 693
624 1 693 694
625 1 694 695
626 1 695 696
627 1 696 697
628 1 697 698
629 1 698 699
630 1 699 700
631 1 701 702
632 1 702 703
633 1 703 704
634 1 704 705
635 1 705 706
636 1 706 707
637 1 707 708
638 1 708 709
639 1 709 710
640 1 711 712
641 1 712 713
642 1 713 714
643 1 714 715
644 1 715 716
645 1 716 717
646 1 717 718
647 1 718 719
648 1 719 720
649 1 721 722
650 1 722 723
651 1 723 724
652 1 724 725
653 1 725 726
654 1 726 727
655 1 727 728
656 1 728 729
657 1 729 730
658 1 731 732
659 1 732 733
660 1 733 734
661 1 734 735
662 1 735 736
663 1 736 737
664 1 737 738
665 1 738 739
666 1 739 740
667 1 741 742
668 1 742 743
669 1 743 744
670 1 744 745
671 1 745 746
672 1 746 747
673 1 747 748
674 1 748 749
675 1 749 750
676 1 751 752
677 1 752 753
678 1 753 754
679 1 754 755
680 1 755 756
681 1 756 757
682 1 757 758
683 1 758 759
684 1 759 760
685 1 761 762
686 1 762 763
687 1 763 764
688 1 764 765
689 1 765 766
690 1 766 767
691 1 767 768
692 1 768 769
693 1 769 770
694 1 771 772
695 1 772 773
696 1 773 774
697 1 774 775
698 1 775 776
699 1 776 777
700 1 777 778
701 1 778 779
702 1 779 780
703 1 781 782
704 1 782 783
705 1 783 784
706 1 784 785
707 1 785 786
708 1 786 787
709 1 787 788
710 1 788 789
711 1 789 790
712 1 791 792
713 1 792 793
714 1 793 794
715 1 794 795
716 1 795 796
717 1 796 797
718 1 797 798
719 1 798 799
720 1 799 800
721 2 801 802
722 2 802 803
723 2 803 804
724 2 804 805
725 2 805 806
726 2 806 807
727 2 807 808
728 2 808 809
729 2 809 810
730 2 811 812
731 2 812 813
732 2 813 814
733 2 814 815
734 2 815 816
735 2 816 817
736 2 817 818
737 2 818 819
738 2 819 820
739 2 821 822
740 2 822 823
741 2 823 824
742 2 824 825
743 2 825 826
744 2 826 827
745 2 827 828
746 2 828 829
747 2 829 830
748 2 831 832
749 2 832 833
750 2 833 834
751 2 834 835
752 2 835 836
753 2 836 837
754 2 837 838
755 2 838 839
756 2 839 840
757 2 841 842
758 2 842 843
759 2 843 844
760 2 844 845
761 2 845 846
762 2 846 847
763 2 847 848
764 2 848 849
765 2 849 850
766 2 851 852
767 2 852 853
768 2 853 854
769 2 854 855
770 2 855 856
771 2 856 857
772 2 857 858
773 2 858 859
774 2 859 860
775 2 861 862
776 2 862 863
777 2 863 864
778 2 864 865
779 2 865 866
780 2 866 867
781 2 867 868
782 2 868 869
783 2 869 870
784 2 871 872
785 2 872 873
786 2 873 874
787 2 874 875
788 2 875 876
789 2 876 877
790 2 877 878
791 2 878 879
792 2 879 880
793 2 881 882
794 2 882 883
795 2 883 884
796 2 884 885
797 2 885 886
798 2 886 887
799 2 887 888
800 2 888 889
801 2 889 890
802 2 891 892
803 2 892 893
804 2 893 894
805 2 894 895
806 2 895 896
807 2 896 897
808 2 897 898
809 2 898 899
810 2 899 900
811 2 901 902
812 2 902 903
813 2 903 904
814 2 904 905
815 2 905 906
816 2 906 907
817 2 907 908
818 2 908 909
819 2 909 910
820 2 911 912
821 2 912 913
822 2 913 914
823 2 914 915
824 2 915 916
825 2 916 917
826 2 917 918
827 2 918 919
828 2 919 920
829 2 921 922
830 2 922 923
831 2 923 924
832 2 924 925
833 2 925 926
834 2 926 927
835 2 927 928
836 2 928 929
837 2 929 930
838 2 931 932
839 2 932 933
840 2 933 934
841 2 934 935
842 2 935 936
843 2 936 937
844 2 937 938
845 2 938 939
846 2 939 940
847 2 941 942
848 2 942 943
849 2 943 944
850 2 944 945
851 2 945 946
852 2 946 947
853 2 947 948
854 2 948 949
855 2 949 950
856 2 951 952
857 2 952 953
858 2 953 954
859 2 954 955
860 2 955 956
861 2 956 957
862 2 957 958
863 2 958 959
864 2 959 960
865 2 961 962
866 2 962 963
867 2 963 964
868 2 964 965
869 2 965 966
870 2 966 967
871 2 967 968
872 2 968 969
873 2 969 970
874 2 971 972
875 2 972 973
876 2 973 974
877 2 974 975
878 2 975 976
879 2 976 977
880 2 977 978
881 2 978 979
882 2 979 980
883 2 981 982
884 2 982 983
885 2 983 984
886 2 984 985
887 2 985 986
888 2 986 987
889 2 987 988
890 2 988 989
891 2 989 990
892 2 991 992
893 2 992 993
894 2 993 994
895 2 994 995
896 2 995 996
897 2 996 997
898 2 997 998
899 2 998 999
900 2 999 1000
901 2 1001 1002
902 2 1002 1003
903 2 1003 1004
904 2 1004 1005
905 2 1005 1006
906 2 1006 1007
907 2 1007 1008
908 2 1008 1009
909 2 1009 1010
910 2 1011 1012
911 2 1012 1013
912 2 1013 1014
913 2 1014 1015
914 2 1015 1016
915 2 1016 1017
916 2 1017 1018
917 2 1018 1019
918 2 1019 1020
919 2 1021 1022
920 2 1022 1023
921 2 1023 1024
922 2 1024 1025
923 2 1025 1026
924 2 1026 1027
925 2 1027 1028
926 2 1028 1029
927 2 1029 1030
928 2 1031 1032
929 2 1032 1033
930 2 1033 1034
931 2 1034 1035
932 2 1035 1036
933 2 1036 1037
934 2 1037 1038
935 2 1038 1039
936 2 1039 1040
937 2 1041 1042
938 2 1042 1043
939 2 1043 1044
940 2 1044 1045
941 2 1045 1046
942 2 1046 1047
943 2 1047 1048
944 2 1048 1049
945 2 1049 1050
946 2 1051 1052
947 2 1052 1053
948 2 1053 1054
949 2 1054 1055
950 2 1055 1056
951 2 1056 1057
952 2 1057 1058
953 2 1058 1059
954 2 1059 1060
955 2 1061 1062
956 2 1062 1063
957 2 1063 1064
958 2 1064 1065
959 2 1065 1066
960 2 1066 1067
961 2 1067 1068
962 2 1068 1069
963 2 1069 1070
964 2 1071 1072
965 2 1072 1073
966 2 1073 1074
967 2 1074 1075
968 2 1075 1076
969 2 1076 1077
970 2 1077 1078
971 2 1078 1079
972 2 1079 1080
973 2 1081 1082
974 2 1082 1083
975 2 1083 1084
976 2 1084 1085
977 2 1085 1086
978 2 1086 1087
979 2 1087 1088
980 2 1088 1089
981 2 1089 1090
982 2 1091 1092
983 2 1092 1093
984 2 1093 1094
985 2 1094 1095
986 2 1095 1096
987 2 1096 1097
988 2 1097 1098
989 2 1098 1099
990 2 1099 1100
991 2 1101 1102
992 2 1102 1103
993 2 1103 1104
994 2 1104 1105
995 2 1105 1106
996 2 1106 1107
997 2 1107 1108
998 2 1108 1109
999 2 1109 1110
1000 2 1111 1112
1001 2 1112 1113
1002 2 1113 1114
1003 2 1114 1115
1004 2 1115 1116
1005 2 1116 1117
1006 2 1117 1118
1007 2 1118 1119
1008 2 1119 1120
1009 2 1121 1122
1010 2 1122 1123
1011 2 1123 1124
1012 2 1124 1125
1013 2 1125 1126
1014 2 1126 1127
1015 2 1127 1128
1016 2 1128 1129
1017 2 1129 1130
1018 2 1131 1132
1019 2 1132 1133
1020 2 1133 1134
1021 2 1134 1135
1022 2 1135 1136
1023 2 1136 1137
1024 2 1137 1138
1025 2 1138 1139
1026 2 1139 1140
1027 2 1141 1142
1028 2 1142 1143
1029 2 1143 1144
1030 2 1144 1145
1031 2 1145 1146
1032 2 1146 1147
1033 2 1147 1148
1034 2 1148 1149
1035 2 1149 1150
1036 2 1151 1152
1037 2 1152 1153
1038 2 1153 1154
1039 2 1154 1155
1040 2 1155 1156
1041 2 1156 1157
1042 2 1157 1158
1043 2 1158 1159
1044 2 1159 1160
1045 2 1161 1162
1046 2 1162 1163
1047 2 1163 1164
1048 2 1164 1165
1049 2 1165 1166
1050 2 1166 1167
1051 2 1167 1168
1052 2 1168 1169
1053 2 1169 1170
1054 2 1171 1172
1055 2 1172 1173
1056 2 1173 1174
1057 2 1174 1175
1058 2 1175 1176
1059 2 1176 1177
1060 2 1177 1178
1061 2 1178 1179
1062 2 1179 1180
1063 2 1181 1182
1064 2 1182 1183
1065 2 1183 1184
1066 2 1184 1185
1067 2 1185 1186
1068 2 1186 1187
1069 2 1187 1188
1070 2 1188 1189
1071 2 1189 1190
1072 2 1191 1192
1073 2 1192 1193
1074 2 1193 1194
1075 2 1194 1195
1076 2 1195 1196
1077 2 1196 1197
1078 2 1197 1198
1079 2 1198 1199
1080 2 1199 1200
1081 2 1201 1202
1082 2 1202 1203
1083 2 1203 1204
1084 2 1204 1205
1085 2 1205 1206
1086 2 1206 1207
1087 2 1207 1208
1088 2 1208 1209
1089 2 1209 1210
1090 2 1211 1212
1091 2 1212 1213
1092 2 1213 1214
1093 2 1214 1215
1094 2 1215 1216
1095 2 1216 1217
1096 2 1217 1218
1097 2 1218 1219
1098 2 1219 1220
1099 2 1221 1222
1100 2 1222 1223
1101 2 1223 1224
1102 2 1224 1225
1103 2 1225 1226
1104 2 1226 1227
1105 2 1227 1228
1106 2 1228 1229
1107 2 1229 1230
1108 2 1231 1232
1109 2 1232 1233
1110 2 1233 1234
1111 2 1234 1235
1112 2 1235 1236
1113 2 1236 1237
1114 2 1237 1238
1115 2 1238 1239
1116 2 1239 1240
1117 2 1241 1242
1118 2 1242 1243
1119 2 1243 1244
1120 2 1244 1245
1121 2 1245 1246
1122 2 1246 1247
1123 2 1247 1248
1124 2 1248 1249
1125 2 1249 1250
1126 2 1251 1252
1127 2 1252 1253
1128 2 1253 1254
1129 2 1254 1255
1130 2 1255 1256
1131 2 1256 1257
1132 2 1257 1258
1133 2 1258 1259
1134 2 1259 1260
1135 2 1261 1262
1136 2 1262 1263
1137 2 1263 1264
1138 2 1264 1265
1139 2 1265 1266
1140 2 1266 1267
1141 2 1267 1268
1142 2 1268 1269
1143 2 1269 1270
1144 2 1271 1272
1145 2 1272 1273
1146 2 1273 1274
1147 2 1274 1275
1148 2 1275 1276
1149 2 1276 1277
1150 2 1277 1278
1151 2 1278 1279
1152 2 1279 1280
1153 2 1281 1282
1154 2 1282 1283
1155 2 1283 1284
1156 2 1284 1285
1157 2 1285 1286
1158 2 1286 1287
1159 2 1287 1288
1160 2 1288 1289
1161 2 1289 1290
1162 2 1291 1292
1163 2 1292 1293
1164 2 1293 1294
1165 2 1294 1295
1166 2 1295 1296
1167 2 1296 1297
1168 2 1297 1298
1169 2 1298 1299
1170 2 1299 1300
1171 2 1301 1302
1172 2 1302 1303
1173 2 1303 1304
1174 2 1304 1305
1175 2 1305 1306
1176 2 1306 1307
1177 2 1307 1308
1178 2 1308 1309
1179 2 1309 1310
1180 2 1311 1312
1181 2 1312 1313
1182 2 1313 1314
1183 2 1314 1315
1184 2 1315 1316
1185 2 1316 1317
1186 2 1317 1318
1187 2 1318 1319
1188 2 1319 1320
1189 2 1321 1322
1190 2 1322 1323
1191 2 1323 1324
1192 2 1324 1325
1193 2 1325 1326
1194 2 1326 1327
1195 2 1327 1328
1196 2 1328 1329
1197 2 1329 1330
1198 2 1331 1332
1199 2 1332 1333
1200 2 1333 1334
1201 2 1334 1335
1202 2 1335 1336
1203 2 1336 1337
1204 2 1337 1338
1205 2 1338 1339
1206 2 1339 1340
1207 2 1341 1342
1208 2 1342 1343
1209 2 1343 1344
1210 2 1344 1345
1211 2 1345 1346
1212 2 1346 1347
1213 2 1347 1348
1214 2 1348 1349
1215 2 1349 1350
1216 2 1351 1352
1217 2 1352 1353
1218 2 1353 1354
1219 2 1354 1355
1220 2 1355 1356
1221 2 1356 1357
1222 2 1357 1358
1223 2 1358 1359
1224 2 1359 1360
1225 2 1361 1362
1226 2 1362 1363
1227 2 1363 1364
1228 2 1364 1365
1229 2 1365 1366
1230 2 1366 1367
1231 2 1367 1368
1232 2 1368 1369
1233 2 1369 1370
1234 2 1371 1372
1235 2 1372 1373
1236 2 1373 1374
1237 2 1374 1375
1238 2 1375 1376
1239 2 1376 1377
1240 2 1377 1378
1241 2 1378 1379
1242 2 1379 1380
1243 2 1381 1382
1244 2 1382 1383
1245 2 1383 1384
1246 2 1384 1385
1247 2 1385 1386
1248 2 1386 1387
1249 2 1387 1388
1250 2 1388 1389
1251 2 1389 1390
1252 2 1391 1392
1253 2 1392 1393
1254 2 1393 1394
1255 2 1394 1395
1256 2 1395 1396
1257 2 1396 1397
1258 2 1397 1398
1259 2 1398 1399
1260 2 1399 1400
1261 2 1401 1402
1262 2 1402 1403
1263 2 1403 1404
1264 2 1404 1405
1265 2 1405 1406
1266 2 1406 1407
1267 2 1407 1408
1268 2 1408 1409
1269 2 1409 1410
1270 2 1411 1412
1271 2 1412 1413
1272 2 1413 1414
1273 2 1414 1415
1274 2 1415 1416
1275 2 1416 1417
1276 2 1417 1418
1277 2 1418 1419
1278 2 1419 1420
1279 2 1421 1422
1280 2 1422 1423
1281 2 1423 1424
1282 2 1424 1425
1283 2 1425 1426
1284 2 1426 1427
1285 2 1427 1428
1286 2 1428 1429
1287 2 1429 1430
1288 2 1431 1432
1289 2 1432 1433
1290 2 1433 1434
1291 2 1434 1435
1292 2 1435 1436
1293 2 1436 1437
1294 2 1437 1438
1295 2 1438 1439
1296 2 1439 1440
1297 2 1441 1442
1298 2 1442 1443
1299 2 1443 1444
1300 2 1444 1445
1301 2 1445 1446
1302 2 1446 1447
1303 2 1447 1448
1304 2 1448 1449
1305 2 1449 1450
1306 2 1451 1452
1307 2 1452 1453
1308 2 1453 1454
1309 2 1454 1455
1310 2 1455 1456
1311 2 1456 1457
1312 2 1457 1458
1313 2 1458 1459
1314 2 1459 1460
1315 2 1461 1462
1316 2 1462 1463
1317 2 1463 1464
1318 2 1464 1465
1319 2 1465 1466
1320 2 1466 1467
1321 2 1467 1468
1322 2 1468 1469
1323 2 1469 1470
1324 2 1471 1472
1325 2 1472 1473
1326 2 1473 1474
1327 2 1474 1475
1328 2 1475 1476
1329 2 1476 1477
1330 2 1477 1478
1331 2 1478 1479
1332 2 1479 1480
1333 2 1481 1482
1334 2 1482 1483
1335 2 1483 1484
1336 2 1484 1485
1337 2 1485 1486
1338 2 1486 1487
1339 2 1487 1488
1340 2 1488 1489
1341 2 1489 1490
1342 2 1491 1492
1343 2 1492 1493
1344 2 1493 1494
1345 2 1494 1495
1346 2 1495 1496
1347 2 1496 1497
1348 2 1497 1498
1349 2 1498 1499
1350 2 1499 1500
1351 2 1501 1502
1352 2 1502 1503
1353 2 1503 1504
1354 2 1504 1505
1355 2 1505 1506
1356 2 1506 1507
1357 2 1507 1508
1358 2 1508 1509
1359 2 1509 1510
1360 2 1511 1512
1361 2 1512 1513
1362 2 1513 1514
1363 2 1514 1515
1364 2 1515 1516
1365 2 1516 1517
1366 2 1517 1518
1367 2 1518 1519
1368 2 1519 1520
1369 2 1521 1522
1370 2 1522 1523
1371 2 1523 1524
1372 2 1524 1525
1373 2 1525 1526
1374 2 1526 1527
1375 2 1527 1528
1376 2 1528 1529
1377 2 1529 1530
1378 2 1531 1532
1379 2 1532 1533
1380 2 1533 1534
1381 2 1534 1535
1382 2 1535 1536
1383 2 1536 1537
1384 2 1537 1538
1385 2 1538 1539
1386 2 1539 1540
1387 2 1541 1542
1388 2 1542 1543
1389 2 1543 1544
1390 2 1544 1545
1391 2 1545 1546
1392 2 1546 1547
1393 2 1547 1548
1394 2 1548 1549
1395 2 1549 1550
1396 2 1551 1552
1397 2 1552 1553
1398 2 1553 1554
1399 2 1554 1555
1400 2 1555 1556
1401 2 1556 1557
1402 2 1557 1558
1403 2 1558 1559
1404 2 1559 1560
1405 2 1561 1562
1406 2 1562 1563
1407 2 1563 1564
1408 2 1564 1565
1409 2 1565 1566
1410 2 1566 1567
1411 2 1567 1568
1412 2 1568 1569
1413 2 1569 1570
1414 2 1571 1572
1415 2 1572 1573
1416 2 1573 1574
1417 2 1574 1575
1418 2 1575 1576
1419 2 1576 1577
1420 2 1577 1578
1421 2 1578 1579
1422 2 1579 1580
1423 2 1581 1582
1424 2 1582 1583
1425 2 1583 1584
1426 2 1584 1585
1427 2 1585 1586
1428 2 1586 1587
1429 2 1587 1588
1430 2 1588 1589
1431 2 1589 1590
1432 2 1591 1592
1433 2 1592 1593
1434 2 1593 1594
1435 2 1594 1595
1436 2 1595 1596
1437 2 1596 1597
1438 2 1597 1598
1439 2 1598 1599
1440 2 1599 1600
1441 2 1601 1602
1442 2 1602 1603
1443 2 1603 1604
1444 2 1604 1605
1445 2 1605 1606
1446 2 1606 1607
1447 2 1607 1608
1448 2 1608 1609
1449 2 1609 1610
1450 2 1611 1612
1451 2 1612 1613
1452 2 1613 1614
1453 2 1614 1615
1454 2 1615 1616
1455 2 1616 1617
1456 2 1617 1618
1457 2 1618 1619
1458 2 1619 1620
1459 2 1621 1622
1460 2 1622 1623
1461 2 1623 1624
1462 2 1624 1625
1463 2 1625 1626
1464 2 1626 1627
1465 2 1627 1628
1466 2 1628 1629
1467 2 1629 1630
1468 2 1631 1632
1469 2 1632 1633
1470 2 1633 1634
1471 2 1634 1635
1472 2 1635 1636
1473 2 1636 1637
1474 2 1637 1638
1475 2 1638 1639
1476 2 1639 1640
1477 2 1641 1642
1478 2 1642 1643
1479 2 1643 1644
1480 2 1644 1645
1481 2 1645 1646
1482 2 1646 1647
1483 2 1647 1648
1484 2 1648 1649
1485 2 1649 1650
1486 2 1651 1652
1487 2 1652 1653
1488 2 1653 1654
1489 2 1654 1655
1490 2 1655 1656
1491 2 1656 1657
1492 2 1657 1658
1493 2 1658 1659
1494 2 1659 1660
1495 2 1661 1662
1496 2 1662 1663
1497 2 1663 1664
1498 2 1664 1665
1499 2 1665 1666
1500 2 1666 1667
1501 2 1667 1668
1502 2 1668 1669
1503 2 1669 1670
1504 2 1671 1672
1505 2 1672 1673
1506 2 1673 1674
1507 2 1674 1675
1508 2 1675 1676
1509 2 1676 1677
1510 2 1677 1678
1511 2 1678 1679
1512 2 1679 1680
1513 2 1681 1682
1514 2 1682 1683
1515 2 1683 1684
1516 2 1684 1685
1517 2 1685 1686
1518 2 1686 1687
1519 2 1687 1688
1520 2 1688 1689
1521 2 1689 1690
1522 2 1691 1692
1523 2 1692 1693
1524 2 1693 1694
1525 2 1694 1695
1526 2 1695 1696
1527 2 1696 1697
1528 2 1697 1698
1529 2 1698 1699
1530 2 1699 1700
1531 2 1701 1702
1532 2 1702 1703
1533 2 1703 1704
1534 2 1704 1705
1535 2 1705 1706
1536 2 1706 1707
1537 2 1707 1708
1538 2 1708 1709
1539 2 1709 1710
1540 2 1711 1712
1541 2 1712 1713
1542 2 1713 1714
1543 2 1714 1715
1544 2 1715 1716
1545 2 1716 1717
1546 2 1717 1718
1547 2 1718 1719
1548 2 1719 1720
1549 2 1721 1722
1550 2 1722 1723
1551 2 1723 1724
1552 2 1724 1725
1553 2 1725 1726
1554 2 1726 1727
1555 2 1727 1728
1556 2 1728 1729
1557 2 1729 1730
1558 2 1731 1732
1559 2 1732 1733
1560 2 1733 1734
1561 2 1734 1735
1562 2 1735 1736
1563 2 1736 1737
1564 2 1737 1738
1565 2 1738 1739
1566 2 1739 1740
1567 2 1741 1742
1568 2 1742 1743
1569 2 1743 1744
1570 2 1744 1745
1571 2 1745 1746
1572 2 1746 1747
1573 2 1747 1748
1574 2 1748 1749
1575 2 1749 1750
1576 2 1751 1752
1577 2 1752 1753
1578 2 1753 1754
1579 2 1754 1755
1580 2 1755 1756
1581 2 1756 1757
1582 2 1757 1758
1583 2 1758 1759
1584 2 1759 1760
1585 2 1761 1762
1586 2 1762 1763
1587 2 1763 1764
1588 2 1764 1765
1589 2 1765 1766
1590 2 1766 1767
1591 2 1767 1768
1592 2 1768 1769
1593 2 1769 1770
1594 2 1771 1772
1595 2 1772 1773
1596 2 1773 1774
1597 2 1774 1775
1598 2 1775 1776
1599 2 1776 1777
1600 2 1777 1778
1601 2 1778 1779
1602 2 1779 1780
1603 2 1781 1782
1604 2 1782 1783
1605 2 1783 1784
1606 2 1784 1785
1607 2 1785 1786
1608 2 1786 1787
1609 2 1787 1788
1610 2 1788 1789
1611 2 1789 1790
1612 2 1791 1792
1613 2 1792 1793
1614 2 1793 1794
1615 2 1794 1795
1616 2 1795 1796
1617 2 1796 1797
1618 2 1797 1798
1619 2 1798 1799
1620 2 1799 1800
1621 2 1801 1802
1622 2 1802 1803
1623 2 1803 1804
1624 2 1804 1805
1625 2 1805 1806
1626 2 1806 1807
1627 2 1807 1808
1628 2 1808 1809
1629 2 1809 1810
1630 2 1811 1812
1631 2 1812 1813
1632 2 1813 1814
1633 2 1814 1815
1634 2 1815 1816
1635 2 1816 1817
1636 2 1817 1818
1637 2 1818 1819
1638 2 1819 1820
1639 2 1821 1822
1640 2 1822 1823
1641 2 1823 1824
1642 2 1824 1825
1643 2 1825 1826
1644 2 1826 1827
1645 2 1827 1828
1646 2 1828 1829
1647 2 1829 1830
1648 2 1831 1832
1649 2 1832 1833
1650 2 1833 1834
1651 2 1834 1835
1652 2 1835 1836
1653 2 1836 1837
1654 2 1837 1838
1655 2 1838 1839
1656 2 1839 1840
1657 2 1841 1842
1658 2 1842 1843
1659 2 1843 1844
1660 2 1844 1845
1661 2 1845 1846
1662 2 1846 1847
1663 2 1847 1848
1664 2 1848 1849
1665 2 1849 1850
1666 2 1851 1852
1667 2 1852 1853
1668 2 1853 1854
1669 2 1854 1855
1670 2 1855 1856
1671 2 1856 1857
1672 2 1857 1858
1673 2 1858 1859
1674 2 1859 1860
1675 2 1861 1862
1676 2 1862 1863
1677 2 1863 1864
1678 2 1864 1865
1679 2 1865 1866
1680 2 1866 1867
1681 2 1867 1868
1682 2 1868 1869
1683 2 1869 1870
1684 2 1871 1872
1685 2 1872 1873
1686 2 1873 1874
1687 2 1874 1875
1688 2 1875 1876
1689 2 1876 1877
1690 2 1877 1878
1691 2 1878 1879
1692 2 1879 1880
1693 2 1881 1882
1694 2 1882 1883
1695 2 1883 1884
1696 2 1884 1885
1697 2 1885 1886
1698 2 1886 1887
1699 2 1887 1888
1700 2 1888 1889
1701 2 1889 1890
1702 2 1891 1892
1703 2 1892 1893
1704 2 1893 1894
1705 2 1894 1895
1706 2 1895 1896
1707 2 1896 1897
1708 2 1897 1898
1709 2 1898 1899
1710 2 1899 1900
1711 2 1901 1902
1712 2 1902 1903
1713 2 1903 1904
1714 2 1904 1905
1715 2 1905 1906
1716 2 1906 1907
1717 2 1907 1908
1718 2 1908 1909
1719 2 1909 1910
1720 2 1911 1912
1721 2 1912 1913
1722 2 1913 1914
1723 2 1914 1915
1724 2 1915 1916
1725 2 1916 1917
1726 2 1917 1918
1727 2 1918 1919
1728 2 1919 1920
1729 2 1921 1922
1730 2 1922 1923
1731 2 1923 1924
1732 2 1924 1925
1733 2 1925 1926
1734 2 1926 1927
1735 2 1927 1928
1736 2 1928 1929
1737 2 1929 1930
1738 2 1931 1932
1739 2 1932 1933
1740 2 1933 1934
1741 2 1934 1935
1742 2 1935 1936
1743 2 1936 1937
1744 2 1937 1938
1745 2 1938 1939
1746 2 1939 1940
1747 2 1941 1942
1748 2 1942 1943
1749 2 1943 1944
1750 2 1944 1945
1751 2 1945 1946
1752 2 1946 1947
1753 2 1947 1948
1754 2 1948 1949
1755 2 1949 1950
1756 2 1951 1952
1757 2 1952 1953
1758 2 1953 1954
1759 2 1954 1955
1760 2 1955 1956
1761 2 1956 1957
1762 2 1957 1958
1763 2 1958 1959
1764 2 1959 1960
1765 2 1961 1962
1766 2 1962 1963
1767 2 1963 1964
1768 2 1964 1965
1769 2 1965 1966
1770 2 1966 1967
1771 2 1967 1968
1772 2 1968 1969
1773 2 1969 1970
1774 2 1971 1972
1775 2 1972 1973
1776 2 1973 1974
1777 2 1974 1975
1778 2 1975 1976
1779 2 1976 1977
1780 2 1977 1978
1781 2 1978 1979
1782 2 1979 1980
1783 2 1981 1982
1784 2 1982 1983
1785 2 1983 1984
1786 2 1984 1985
1787 2 1985 1986
1788 2 1986 1987
1789 2 1987 1988
1790 2 1988 1989
1791 2 1989 1990
1792 2 1991 1992
1793 2 1992 1993
1794 2 1993 1994
1795 2 1994 1995
1796 2 1995 1996
1797 2 1996 1997
1798 2 1997 1998
1799 2 1998 1999
1800 2 1999 2000
1801 2 2001 2002
1802 2 2002 2003
1803 2 2003 2004
1804 2 2004 2005
1805 2 2005 2006
1806 2 2006 2007
1807 2 2007 2008
1808 2 2008 2009
1809 2 2009 2010
1810 2 2011 2012
1811 2 2012 2013
1812 2 2013 2014
1813 2 2014 2015
1814 2 2015 2016
1815 2 2016 2017
1816 2 2017 2018
1817 2 2018 2019
1818 2 2019 2020
1819 2 2021 2022
1820 2 2022 2023
1821 2 2023 2024
1822 2 2024 2025
1823 2 2025 2026
1824 2 2026 2027
1825 2 2027 2028
1826 2 2028 2029
1827 2 2029 2030
1828 2 2031 2032
1829 2 2032 2033
1830 2 2033 2034
1831 2 2034 2035
1832 2 2035 2036
1833 2 2036 2037
1834 2 2037 2038
1835 2 2038 2039
1836 2 2039 2040
1837 2 2041 2042
1838 2 2042 2043
1839 2 2043 2044
1840 2 2044 2045
1841 2 2045 2046
1842 2 2046 2047
1843 2 2047 2048
1844 2 2048 2049
1845 2 2049 2050
1846 2 2051 2052
1847 2 2052 2053
1848 2 2053 2054
1849 2 2054 2055
1850 2 2055 2056
1851 2 2056 2057
1852 2 2057 2058
1853 2 2058 2059
1854 2 2059 2060
1855 2 2061 2062
1856 2 2062 2063
1857 2 2063 2064
1858 2 2064 2065
1859 2 2065 2066
1860 2 2066 2067
1861 2 2067 2068
1862 2 2068 2069
1863 2 2069 2070
1864 2 2071 2072
1865 2 2072 2073
1866 2 2073 2074
1867 2 2074 2075
1868 2 2075 2076
1869 2 2076 2077
1870 2 2077 2078
1871 2 2078 2079
1872 2 2079 2080
1873 2 2081 2082
1874 2 2082 2083
1875 2 2083 2084
1876 2 2084 2085
1877 2 2085 2086
1878 2 2086 2087
1879 2 2087 2088
1880 2 2088 2089
1881 2 2089 2090
1882 2 2091 2092
1883 2 2092 2093
1884 2 2093 2094
1885 2 2094 2095
1886 2 2095 2096
1887 2 2096 2097
1888 2 2097 2098
1889 2 2098 2099
1890 2 2099 2100
1891 2 2101 2102
1892 2 2102 2103
1893 2 2103 2104
1894 2 2104 2105
1895 2 2105 2106
1896 2 2106 2107
1897 2 2107 2108
1898 2 2108 2109
1899 2 2109 2110
1900 2 2111 2112
1901 2 2112 2113
1902 2 2113 2114
1903 2 2114 2115
1904 2 2115 2116
1905 2 2116 2117
1906 2 2117 2118
1907 2 2118 2119
1908 2 2119 2120
1909 2 2121 2122
1910 2 2122 2123
1911 2 2123 2124
1912 2 2124 2125
1913 2 2125 2126
1914 2 2126 2127
1915 2 2127 2128
1916 2 2128 2129
1917 2 2129 2130
1918 2 2131 2132
1919 2 2132 2133
1920 2 2133 2134
1921 2 2134 2135
1922 2 2135 2136
1923 2 2136 2137
1924 2 2137 2138
1925 2 2138 2139
1926 2 2139 2140
1927 2 2141 2142
1928 2 2142 2143
1929 2 2143 2144
1930 2 2144 2145
1931 2 2145 2146
1932 2 2146 2147
1933 2 2147 2148
1934 2 2148 2149
1935 2 2149 2150
1936 2 2151 2152
1937 2 2152 2153
1938 2 2153 2154
1939 2 2154 2155
1940 2 2155 2156
1941 2 2156 2157
1942 2 2157 2158
1943 2 2158 2159
1944 2 2159 2160
1945 2 2161 2162
1946 2 2162 2163
1947 2 2163 2164
1948 2 2164 2165
1949 2 2165 2166
1950 2 2166 2167
1951 2 2167 2168
1952 2 2168 2169
1953 2 2169 2170
1954 2 2171 2172
1955 2 2172 2173
1956 2 2173 2174
1957 2 2174 2175
1958 2 2175 2176
1959 2 2176 2177
1960 2 2177 2178
1961 2 2178 2179
1962 2 2179 2180
1963 2 2181 2182
1964 2 2182 2183
1965 2 2183 2184
1966 2 2184 2185
1967 2 2185 2186
1968 2 2186 2187
1969 2 2187 2188
1970 2 2188 2189
1971 2 2189 2190
1972 2 2191 2192
1973 2 2192 2193
1974 2 2193 2194
1975 2 2194 2195
1976 2 2195 2196
1977 2 2196 2197
1978 2 2197 2198
1979 2 2198 2199
1980 2 2199 2200
1981 2 2201 2202
1982 2 2202 2203
1983 2 2203 2204
1984 2 2204 2205
1985 2 2205 2206
1986 2 2206 2207
1987 2 2207 2208
1988 2 2208 2209
1989 2 2209 2210
1990 2 2211 2212
1991 2 2212 2213
1992 2 2213 2214
1993 2 2214 2215
1994 2 2215 2216
1995 2 2216 2217
1996 2 2217 2218
1997 2 2218 2219
1998 2 2219 2220
1999 2 2221 2222
2000 2 2222 2223
2001 2 2223 2224
2002 2 2224 2225
2003 2 2225 2226
2004 2 2226 2227
2005 2 2227 2228
2006 2 2228 2229
2007 2 2229 2230
2008 2 2231 2232
2009 2 2232 2233
2010 2 2233 2234
2011 2 2234 2235
2012 2 2235 2236
2013 2 2236 2237
2014 2 2237 2238
2015 2 2238 2239
2016 2 2239 2240
2017 2 2241 2242
2018 2 2242 2243
2019 2 2243 2244
2020 2 2244 2245
2021 2 2245 2246
2022 2 2246 2247
2023 2 2247 2248
2024 2 2248 2249
2025 2 2249 2250
2026 2 2251 2252
2027 2 2252 2253
2028 2 2253 2254
2029 2 2254 2255
2030 2 2255 2256
2031 2 2256 2257
2032 2 2257 2258
2033 2 2258 2259
2034 2 2259 2260
2035 2 2261 2262
2036 2 2262 2263
2037 2 2263 2264
2038 2 2264 2265
2039 2 2265 2266
2040 2 2266 2267
2041 2 2267 2268
2042 2 2268 2269
2043 2 2269 2270
2044 2 2271 2272
2045 2 2272 2273
2046 2 2273 2274
2047 2 2274 2275
2048 2 2275 2276
2049 2 2276 2277
2050 2 2277 2278
2051 2 2278 2279
2052 2 2279 2280
2053 2 2281 2282
2054 2 2282 2283
2055 2 2283 2284
2056 2 2284 2285
2057 2 2285 2286
2058 2 2286 2287
2059 2 2287 2288
2060 2 2288 2289
2061 2 2289 2290
2062 2 2291 2292
2063 2 2292 2293
2064 2 2293 2294
2065 2 2294 2295
2066 2 2295 2296
2067 2 2296 2297
2068 2 2297 2298
2069 2 2298 2299
2070 2 2299 2300
2071 2 2301 2302
2072 2 2302 2303
2073 2 2303 2304
2074 2 2304 2305
2075 2 2305 2306
2076 2 2306 2307
2077 2 2307 2308
2078 2 2308 2309
2079 2 2309 2310
2080 2 2311 2312
2081 2 2312 2313
2082 2 2313 2314
2083 2 2314 2315
2084 2 2315 2316
2085 2 2316 2317
2086 2 2317 2318
2087 2 2318 2319
2088 2 2319 2320
2089 2 2321 2322
2090 2 2322 2323
2091 2 2323 2324
2092 2 2324 2325
2093 2 2325 2326
2094 2 2326 2327
2095 2 2327 2328
2096 2 2328 2329
2097 2 2329 2330
2098 2 2331 2332
2099 2 2332 2333
2100 2 2333 2334
2101 2 2334 2335
2102 2 2335 2336
2103 2 2336 2337
2104 2 2337 2338
2105 2 2338 2339
2106 2 2339 2340
2107 2 2341 2342
2108 2 2342 2343
2109 2 2343 2344
2110 2 2344 2345
2111 2 2345 2346
2112 2 2346 2347
2113 2 2347 2348
2114 2 2348 2349
2115 2 2349 2350
2116 2 2351 2352
2117 2 2352 2353
2118 2 2353 2354
2119 2 2354 2355
2120 2 2355 2356
2121 2 2356 2357
2122 2 2357 2358
2123 2 2358 2359
2124 2 2359 2360
2125 2 2361 2362
2126 2 2362 2363
2127 2 2363 2364
2128 2 2364 2365
2129 2 2365 2366
2130 2 2366 2367
2131 2 2367 2368
2132 2 2368 2369
2133 2 2369 2370
2134 2 2371 2372
2135 2 2372 2373
2136 2 2373 2374
2137 2 2374 2375
2138 2 2375 2376
2139 2 2376 2377
2140 2 2377 2378
2141 2 2378 2379
2142 2 2379 2380
2143 2 2381 2382
2144 2 2382 2383
2145 2 2383 2384
2146 2 2384 2385
2147 2 2385 2386
2148 2 2386 2387
2149 2 2387 2388
2150 2 2388 2389
2151 2 2389 2390
2152 2 2391 2392
2153 2 2392 2393
2154 2 2393 2394
2155 2 2394 2395
2156 2 2395 2396
2157 2 2396 2397
2158 2 2397 2398
2159 2 2398 2399
2160 2 2399 2400
2161 2 2401 2402
2162 2 2402 2403
2163 2 2403 2404
2164 2 2404 2405
2165 2 2405 2406
2166 2 2406 2407
2167 2 2407 2408
2168 2 2408 2409
2169 2 2409 2410
2170 2 2411 2412
2171 2 2412 2413
2172 2 2413 2414
2173 2 2414 2415
2174 2 2415 2416
2175 2 2416 2417
2176 2 2417 2418
2177 2 2418 2419
2178 2 2419 2420
2179 2 2421 2422
2180 2 2422 2423
2181 2 2423 2424
2182 2 2424 2425
2183 2 2425 2426
2184 2 2426 2427
2185 2 2427 2428
2186 2 2428 2429
2187 2 2429 2430
2188 2 2431 2432
2189 2 2432 2433
2190 2 2433 2434
2191 2 2434 2435
2192 2 2435 2436
2193 2 2436 2437
2194 2 2437 2438
2195 2 2438 2439
2196 2 2439 2440
2197 2 2441 2442
2198 2 2442 2443
2199 2 2443 2444
2200 2 2444 2445
2201 2 2445 2446
2202 2 2446 2447
2203 2 2447 2448
2204 2 2448 2449
2205 2 2449 2450
2206 2 2451 2452
2207 2 2452 2453
2208 2 2453 2454
2209 2 2454 2455
2210 2 2455 2456
2211 2 2456 2457
2212 2 2457 2458
2213 2 2458 2459
2214 2 2459 2460
2215 2 2461 2462
2216 2 2462 2463
2217 2 2463 2464
2218 2 2464 2465
2219 2 2465 2466
2220 2 2466 2467
2221 2 2467 2468
2222 2 2468 2469
2223 2 2469 2470
2224 2 2471 2472
2225 2 2472 2473
2226 2 2473 2474
2227 2 2474 2475
2228 2 2475 2476
2229 2 2476 2477
2230 2 2477 2478
2231 2 2478 2479
2232 2 2479 2480
2233 2 2481 2482
2234 2 2482 2483
2235 2 2483 2484
2236 2 2484 2485
2237 2 2485 2486
2238 2 2486 2487
2239 2 2487 2488
2240 2 2488 2489
2241 2 2489 2490
2242 2 2491 2492
2243 2 2492 2493
2244 2 2493 2494
2245 2 2494 2495
2246 2 2495 2496
2247 2 2496 2497
2248 2 2497 2498
2249 2 2498 2499
2250 2 2499 2500
2251 2 2501 2502
2252 2 2502 2503
2253 2 2503 2504
2254 2 2504 2505
2255 2 2505 2506
2256 2 2506 2507
2257 2 2507 2508
2258 2 2508 2509
2259 2 2509 2510
2260 2 2511 2512
2261 2 2512 2513
2262 2 2513 2514
2263 2 2514 2515
2264 2 2515 2516
2265 2 2516 2517
2266 2 2517 2518
2267 2 2518 2519
2268 2 2519 2520
2269 2 2521 2522
2270 2 2522 2523
2271 2 2523 2524
2272 2 2524 2525
2273 2 2525 2526
2274 2 2526 2527
2275 2 2527 2528
2276 2 2528 2529
2277 2 2529 2530
2278 2 2531 2532
2279 2 2532 2533
2280 2 2533 2534
2281 2 2534 2535
2282 2 2535 2536
2283 2 2536 2537
2284 2 2537 2538
2285 2 2538 2539
2286 2 2539 2540
2287 2 2541 2542
2288 2 2542 2543
2289 2 2543 2544
2290 2 2544 2545
2291 2 2545 2546
2292 2 2546 2547
2293 2 2547 2548
2294 2 2548 2549
2295 2 2549 2550
2296 2 2551 2552
2297 2 2552 2553
2298 2 2553 2554
2299 2 2554 2555
2300 2 2555 2556
2301 2 2556 2557
2302 2 2557 2558
2303 2 2558 2559
2304 2 2559 2560
2305 2 2561 2562
2306 2 2562 2563
2307 2 2563 2564
2308 2 2564 2565
2309 2 2565 2566
2310 2 2566 2567
2311 2 2567 2568
2312 2 2568 2569
2313 2 2569 2570
2314 2 2571 2572
2315 2 2572 2573
2316 2 2573 2574
2317 2 2574 2575
2318 2 2575 2576
2319 2 2576 2577
2320 2 2577 2578
2321 2 2578 2579
2322 2 2579 2580
2323 2 2581 2582
2324 2 2582 2583
2325 2 2583 2584
2326 2 2584 2585
2327 2 2585 2586
2328 2 2586 2587
2329 2 2587 2588
2330 2 2588 2589
2331 2 2589 2590
2332 2 2591 2592
2333 2 2592 2593
2334 2 2593 2594
2335 2 2594 2595
2336 2 2595 2596
2337 2 2596 2597
2338 2 2597 2598
2339 2 2598 2599
2340 2 2599 2600
2341 2 2601 2602
2342 2 2602 2603
2343 2 2603 2604
2344 2 2604 2605
2345 2 2605 2606
2346 2 2606 2607
2347 2 2607 2608
2348 2 2608 2609
2349 2 2609 2610
2350 2 2611 2612
2351 2 2612 2613
2352 2 2613 2614
2353 2 2614 2615
2354 2 2615 2616
2355 2 2616 2617
2356 2 2617 2618
2357 2 2618 2619
2358 2 2619 2620
2359 2 2621 2622
2360 2 2622 2623
2361 2 2623 2624
2362 2 2624 2625
2363 2 2625 2626
2364 2 2626 2627
2365 2 2627 2628
2366 2 2628 2629
2367 2 2629 2630
2368 2 2631 2632
2369 2 2632 2633
2370 2 2633 2634
2371 2 2634 2635
2372 2 2635 2636
2373 2 2636 2637
2374 2 2637 2638
2375 2 2638 2639
2376 2 2639 2640
2377 2 2641 2642
2378 2 2642 2643
2379 2 2643 2644
2380 2 2644 2645
2381 2 2645 2646
2382 2 2646 2647
2383 2 2647 2648
2384 2 2648 2649
2385 2 2649 2650
2386 2 2651 2652
2387 2 2652 2653
2388 2 2653 2654
2389 2 2654 2655
2390 2 2655 2656
2391 2 2656 2657
2392 2 2657 2658
2393 2 2658 2659
2394 2 2659 2660
2395 2 2661 2662
2396 2 2662 2663
2397 2 2663 2664
2398 2 2664 2665
2399 2 2665 2666
2400 2 2666 2667
2401 2 2667 2668
2402 2 2668 2669
2403 2 2669 2670
2404 2 2671 2672
2405 2 2672 2673
2406 2 2673 2674
2407 2 2674 2675
2408 2 2675 2676
2409 2 2676 2677
2410 2 2677 2678
2411 2 2678 2679
2412 2 2679 2680
2413 2 2681 2682
2414 2 2682 2683
2415 2 2683 2684
2416 2 2684 2685
2417 2 2685 2686
2418 2 2686 2687
2419 2 2687 2688
2420 2 2688 2689
2421 2 2689 2690
2422 2 2691 2692
2423 2 2692 2693
2424 2 2693 2694
2425 2 2694 2695
2426 2 2695 2696
2427 2 2696 2697
2428 2 2697 2698
2429 2 2698 2699
2430 2 2699 2700
2431 2 2701 2702
2432 2 2702 2703
2433 2 2703 2704
2434 2 2704 2705
2435 2 2705 2706
2436 2 2706 2707
2437 2 2707 2708
2438 2 2708 2709
2439 2 2709 2710
2440 2 2711 2712
2441 2 2712 2713
2442 2 2713 2714
2443 2 2714 2715
2444 2 2715 2716
2445 2 2716 2717
2446 2 2717 2718
2447 2 2718 2719
2448 2 2719 2720
2449 2 2721 2722
2450 2 2722 2723
2451 2 2723 2724
2452 2 2724 2725
2453 2 2725 2726
2454 2 2726 2727
2455 2 2727 2728
2456 2 2728 2729
2457 2 2729 2730
2458 2 2731 2732
2459 2 2732 2733
2460 2 2733 2734
2461 2 2734 2735
2462 2 2735 2736
2463 2 2736 2737
2464 2 2737 2738
2465 2 2738 2739
2466 2 2739 2740
2467 2 2741 2742
2468 2 2742 2743
2469 2 2743 2744
2470 2 2744 2745
2471 2 2745 2746
2472 2 2746 2747
2473 2 2747 2748
2474 2 2748 2749
2475 2 2749 2750
2476 2 2751 2752
2477 2 2752 2753
2478 2 2753 2754
2479 2 2754 2755
2480 2 2755 2756
2481 2 2756 2757
2482 2 2757 2758
2483 2 2758 2759
2484 2 2759 2760
2485 2 2761 2762
2486 2 2762 2763
2487 2 2763 2764
2488 2 2764 2765
2489 2 2765 2766
2490 2 2766 2767
2491 2 2767 2768
2492 2 2768 2769
2493 2 2769 2770
2494 2 2771 2772
2495 2 2772 2773
2496 2 2773 2774
2497 2 2774 2775
2498 2 2775 2776
2499 2 2776 2777
2500 2 2777 2778
2501 2 2778 2779
2502 2 2779 2780
2503 2 2781 2782
2504 2 2782 2783
2505 2 2783 2784
2506 2 2784 2785
2507 2 2785 2786
2508 2 2786 2787
2509 2 2787 2788
2510 2 2788 2789
2511 2 2789 2790
2512 2 2791 2792
2513 2 2792 2793
2514 2 2793 2794
2515 2 2794 2795
2516 2 2795 2796
2517 2 2796 2797
2518 2 2797 2798
2519 2 2798 2799
2520 2 2799 2800
2521 2 2801 2802
2522 2 2802 2803
2523 2 2803 2804
2524 2 2804 2805
2525 2 2805 2806
2526 2 2806 2807
2527 2 2807 2808
2528 2 2808 2809
2529 2 2809 2810
2530 2 2811 2812
2531 2 2812 2813
2532 2 2813 2814
2533 2 2814 2815
2534 2 2815 2816
2535 2 2816 2817
2536 2 2817 2818
2537 2 2818 2819
2538 2 2819 2820
2539 2 2821 2822
2540 2 2822 2823
2541 2 2823 2824
2542 2 2824 2825
2543 2 2825 2826
2544 2 2826 2827
2545 2 2827 2828
2546 2 2828 2829
2547 2 2829 2830
2548 2 2831 2832
2549 2 2832 2833
2550 2 2833 2834
2551 2 2834 2835
2552 2 2835 2836
2553 2 2836 2837
2554 2 2837 2838
2555 2 2838 2839
2556 2 2839 2840
2557 2 2841 2842
2558 2 2842 2843
2559 2 2843 2844
2560 2 2844 2845
2561 2 2845 2846
2562 2 2846 2847
2563 2 2847 2848
2564 2 2848 2849
2565 2 2849 2850
2566 2 2851 2852
2567 2 2852 2853
2568 2 2853 2854
2569 2 2854 2855
2570 2 2855 2856
2571 2 2856 2857
2572 2 2857 2858
2573 2 2858 2859
2574 2 2859 2860
2575 2 2861 2862
2576 2 2862 2863
2577 2 2863 2864
2578 2 2864 2865
2579 2 2865 2866
2580 2 2866 2867
2581 2 2867 2868
2582 2 2868 2869
2583 2 2869 2870
2584 2 2871 2872
2585 2 2872 2873
2586 2 2873 2874
2587 2 2874 2875
2588 2 2875 2876
2589 2 2876 2877
2590 2 2877 2878
2591 2 2878 2879
2592 2 2879 2880
2593 2 2881 2882
2594 2 2882 2883
2595 2 2883 2884
2596 2 2884 2885
2597 2 2885 2886
2598 2 2886 2887
2599 2 2887 2888
2600 2 2888 2889
2601 2 2889 2890
2602 2 2891 2892
2603 2 2892 2893
2604 2 2893 2894
2605 2 2894 2895
2606 2 2895 2896
2607 2 2896 2897
2608 2 2897 2898
2609 2 2898 2899
2610 2 2899 2900
2611 2 2901 2902
2612 2 2902 2903
2613 2 2903 2904
2614 2 2904 2905
2615 2 2905 2906
2616 2 2906 2907
2617 2 2907 2908
2618 2 2908 2909
2619 2 2909 2910
2620 2 2911 2912
2621 2 2912 2913
2622 2 2913 2914
2623 2 2914 2915
2624 2 2915 2916
2625 2 2916 2917
2626 2 2917 2918
2627 2 2918 2919
2628 2 2919 2920
2629 2 2921 2922
2630 2 2922 2923
2631 2 2923 2924
2632 2 2924 2925
2633 2 2925 2926
2634 2 2926 2927
2635 2 2927 2928
2636 2 2928 2929
2637 2 2929 2930
2638 2 2931 2932
2639 2 2932 2933
2640 2 2933 2934
2641 2 2934 2935
2642 2 2935 2936
2643 2 2936 2937
2644 2 2937 2938
2645 2 2938 2939
2646 2 2939 2940
2647 2 2941 2942
2648 2 2942 2943
2649 2 2943 2944
2650 2 2944 2945
2651 2 2945 2946
2652 2 2946 2947
2653 2 2947 2948
2654 2 2948 2949
2655 2 2949 2950
2656 2 2951 2952
2657 2 2952 2953
2658 2 2953 2954
2659 2 2954 2955
2660 2 2955 2956
2661 2 2956 2957
2662 2 2957 2958
2663 2 2958 2959
2664 2 2959 2960
2665 2 2961 2962
2666 2 2962 2963
2667 2 2963 2964
2668 2 2964 2965
2669 2 2965 2966
2670 2 2966 2967
2671 2 2967 2968
2672 2 2968 2969
2673 2 2969 2970
2674 2 2971 2972
2675 2 2972 2973
2676 2 2973 2974
2677 2 2974 2975
2678 2 2975 2976
2679 2 2976 2977
2680 2 2977 2978
2681 2 2978 2979
2682 2 2979 2980
2683 2 2981 2982
2684 2 2982 2983
2685 2 2983 2984
2686 2 2984 2985
2687 2 2985 2986
2688 2 2986 2987
2689 2 2987 2988
2690 2 2988 2989
2691 2 2989 2990
2692 2 2991 2992
2693 2 2992 2993
2694 2 2993 2994
2695 2 2994 2995
2696 2 2995 2996
2697 2 2996 2997
2698 2 2997 2998
2699 2 2998 2999
2700 2 2999 3000
2701 2 3001 3002
2702 2 3002 3003
2703 2 3003 3004
2704 2 3004 3005
2705 2 3005 3006
2706 2 3006 3007
2707 2 3007 3008
2708 2 3008 3009
2709 2 3009 3010
2710 2 3011 3012
2711 2 3012 3013
2712 2 3013 3014
2713 2 3014 3015
2714 2 3015 3016
2715 2 3016 3017
2716 2 3017 3018
2717 2 3018 3019
2718 2 3019 3020
2719 2 3021 3022
2720 2 3022 3023
2721 2 3023 3024
2722 2 3024 3025
2723 2 3025 3026
2724 2 3026 3027
2725 2 3027 3028
2726 2 3028 3029
2727 2 3029 3030
2728 2 3031 3032
2729 2 3032 3033
2730 2 3033 3034
2731 2 3034 3035
2732 2 3035 3036
2733 2 3036 3037
2734 2 3037 3038
2735 2 3038 3039
2736 2 3039 3040
2737 2 3041 3042
2738 2 3042 3043
2739 2 3043 3044
2740 2 3044 3045
2741 2 3045 3046
2742 2 3046 3047
2743 2 3047 3048
2744 2 3048 3049
2745 2 3049 3050
2746 2 3051 3052
2747 2 3052 3053
2748 2 3053 3054
2749 2 3054 3055
2750 2 3055 3056
2751 2 3056 3057
2752 2 3057 3058
2753 2 3058 3059
2754 2 3059 3060
2755 2 3061 3062
2756 2 3062 3063
2757 2 3063 3064
2758 2 3064 3065
2759 2 3065 3066
2760 2 3066 3067
2761 2 3067 3068
2762 2 3068 3069
2763 2 3069 3070
2764 2 3071 3072
2765 2 3072 3073
2766 2 3073 3074
2767 2 3074 3075
2768 2 3075 3076
2769 2 3076 3077
2770 2 3077 3078
2771 2 3078 3079
2772 2 3079 3080
2773 2 3081 3082
2774 2 3082 3083
2775 2 3083 3084
2776 2 3084 3085
2777 2 3085 3086
2778 2 3086 3087
2779 2 3087 3088
2780 2 3088 3089
2781 2 3089 3090
2782 2 3091 3092
2783 2 3092 3093
2784 2 3093 3094
2785 2 3094 3095
2786 2 3095 3096
2787 2 3096 3097
2788 2 3097 3098
2789 2 3098 3099
2790 2 3099 3100
2791 2 3101 3102
2792 2 3102 3103
2793 2 3103 3104
2794 2 3104 3105
2795 2 3105 3106
2796 2 3106 3107
2797 2 3107 3108
2798 2 3108 3109
2799 2 3109 3110
2800 2 3111 3112
2801 2 3112 3113
2802 2 3113 3114
2803 2 3114 3115
2804 2 3115 3116
2805 2 3116 3117
2806 2 3117 3118
2807 2 3118 3119
2808 2 3119 3120
2809 2 3121 3122
2810 2 3122 3123
2811 2 3123 3124
2812 2 3124 3125
2813 2 3125 3126
2814 2 3126 3127
2815 2 3127 3128
2816 2 3128 3129
2817 2 3129 3130
2818 2 3131 3132
2819 2 3132 3133
2820 2 3133 3134
2821 2 3134 3135
2822 2 3135 3136
2823 2 3136 3137
2824 2 3137 3138
2825 2 3138 3139
2826 2 3139 3140
2827 2 3141 3142
2828 2 3142 3143
2829 2 3143 3144
2830 2 3144 3145
2831 2 3145 3146
2832 2 3146 3147
2833 2 3147 3148
2834 2 3148 3149
2835 2 3149 3150
2836 2 3151 3152
2837 2 3152 3153
2838 2 3153 3154
2839 2 3154 3155
2840 2 3155 3156
2841 2 3156 3157
2842 2 3157 3158
2843 2 3158 3159
2844 2 3159 3160
2845 2 3161 3162
2846 2 3162 3163
2847 2 3163 3164
2848 2 3164 3165
2849 2 3165 3166
2850 2 3166 3167
2851 2 3167 3168
2852 2 3168 3169
2853 2 3169 3170
2854 2 3171 3172
2855 2 3172 3173
2856 2 3173 3174
2857 2 3174 3175
2858 2 3175 3176
2859 2 3176 3177
2860 2 3177 3178
2861 2 3178 3179
2862 2 3179 3180
2863 2 3181 3182
2864 2 3182 3183
2865 2 3183 3184
2866 2 3184 3185
2867 2 3185 3186
2868 2 3186 3187
2869 2 3187 3188
2870 2 3188 3189
2871 2 3189 3190
2872 2 3191 3192
2873 2 3192 3193
2874 2 3193 3194
2875 2 3194 3195
2876 2 3195 3196
2877 2 3196 3197
2878 2 3197 3198
2879 2 3198 3199
2880 2 3199 3200
2881 3 3201 3202
2882 3 3202 3203
2883 3 3203 3204
2884 3 3204 3205
2885 3 3205 3206
2886 3 3206 3207
2887 3 3207 3208
2888 3 3208 3209
2889 3 3209 3210
2890 3 3210 3211
2891 3 3211 3212
2892 3 3212 3213
2893 3 3213 3214
2894 3 3214 3215
2895 3 3215 3216
2896 3 3216 3217
2897 3 3217 3218
2898 3 3218 3219
2899 3 3220 3221
2900 3 3221 3222
2901 3 3222 3223
2902 3 3223 3224
2903 3 3224 3225
2904 3 3225 3226
2905 3 3226 3227
2906 3 3227 3228
2907 3 3228 3229
2908 3 3229 3230
2909 3 3230 3231
2910 3 3231 3232
2911 3 3232 3233
2912 3 3233 3234
2913 3 3234 3235
2914 3 3235 3236
2915 3 3236 3237
2916 3 3237 3238
2917 3 3239 3240
2918 3 3240 3241
2919 3 3241 3242
2920 3 3242 3243
2921 3 3243 3244
2922 3 3244 3245
2923 3 3245 3246
2924 3 3246 3247
2925 3 3247 3248
2926 3 3248 3249
2927 3 3249 3250
2928 3 3250 3251
2929 3 3251 3252
2930 3 3252 3253
2931 3 3253 3254
2932 3 3254 3255
2933 3 3255 3256
2934 3 3256 3257
2935 3 3258 3259
2936 3 3259 3260
2937 3 3260 3261
2938 3 3261 3262
2939 3 3262 3263
2940 3 3263 3264
2941 3 3264 3265
2942 3 3265 3266
2943 3 3266 3267
2944 3 3267 3268
2945 3 3268 3269
2946 3 3269 3270
2947 3 3270 3271
2948 3 3271 3272
2949 3 3272 3273
2950 3 3273 3274
2951 3 3274 3275
2952 3 3275 3276
2953 3 3277 3278
2954 3 3278 3279
2955 3 3279 3280
2956 3 3280 3281
2957 3 3281 3282
2958 3 3282 3283
2959 3 3283 3284
2960 3 3284 3285
2961 3 3285 3286
2962 3 3286 3287
2963 3 3287 3288
2964 3 3288 3289
2965 3 3289 3290
2966 3 3290 3291
2967 3 3291 3292
2968 3 3292 3293
2969 3 3293 3294
2970 3 3294 3295
2971 3 3296 3297
2972 3 3297 3298
2973 3 3298 3299
2974 3 3299 3300
2975 3 3300 3301
2976 3 3301 3302
2977 3 3302 3303
2978 3 3303 3304
2979 3 3304 3305
2980 3 3305 3306
2981 3 3306 3307
2982 3 3307 3308
2983 3 3308 3309
2984 3 3309 3310
2985 3 3310 3311
2986 3 3311 3312
2987 3 3312 3313
2988 3 3313 3314
2989 3 3315 3316
2990 3 3316 3317
2991 3 3317 3318
2992 3 3318 3319
2993 3 3319 3320
2994 3 3320 3321
2995 3 3321 3322
2996 3 3322 3323
2997 3 3323 3324
2998 3 3324 3325
2999 3 3325 3326
3000 3 3326 3327
3001 3 3327 3328
3002 3 3328 3329
3003 3 3329 3330
3004 3 3330 3331
3005 3 3331 3332
3006 3 3332 3333
3007 3 3334 3335
3008 3 3335 3336
3009 3 3336 3337
3010 3 3337 3338
3011 3 3338 3339
3012 3 3339 3340
3013 3 3340 3341
3014 3 3341 3342
3015 3 3342 3343
3016 3 3343 3344
3017 3 3344 3345
3018 3 3345 3346
3019 3 3346 3347
3020 3 3347 3348
3021 3 3348 3349
3022 3 3349 3350
3023 3 3350 3351
3024 3 3351 3352
3025 3 3353 3354
3026 3 3354 3355
3027 3 3355 3356
3028 3 3356 3357
3029 3 3357 3358
3030 3 3358 3359
3031 3 3359 3360
3032 3 3360 3361
3033 3 3361 3362
3034 3 3362 3363
3035 3 3363 3364
3036 3 3364 3365
3037 3 3365 3366
3038 3 3366 3367
3039 3 3367 3368
3040 3 3368 3369
3041 3 3369 3370
3042 3 3370 3371
3043 3 3372 3373
3044 3 3373 3374
3045 3 3374 3375
3046 3 3375 3376
3047 3 3376 3377
3048 3 3377 3378
3049 3 3378 3379
3050 3 3379 3380
3051 3 3380 3381
3052 3 3381 3382
3053 3 3382 3383
3054 3 3383 3384
3055 3 3384 3385
3056 3 3385 3386
3057 3 3386 3387
3058 3 3387 3388
3059 3 3388 3389
3060 3 3389 3390
3061 3 3391 3392
3062 3 3392 3393
3063 3 3393 3394
3064 3 3394 3395
3065 3 3395 3396
3066 3 3396 3397
3067 3 3397 3398
3068 3 3398 3399
3069 3 3399 3400
3070 3 3400 3401
3071 3 3401 3402
3072 3 3402 3403
3073 3 3403 3404
3074 3 3404 3405
3075 3 3405 3406
3076 3 3406 3407
3077 3 3407 3408
3078 3 3408 3409
3079 3 3410 3411
3080 3 3411 3412
3081 3 3412 3413
3082 3 3413 3414
3083 3 3414 3415
3084 3 3415 3416
3085 3 3416 3417
3086 3 3417 3418
3087 3 3418 3419
3088 3 3419 3420
3089 3 3420 3421
3090 3 3421 3422
3091 3 3422 3423
3092 3 3423 3424
3093 3 3424 3425
3094 3 3425 3426
3095 3 3426 3427
3096 3 3427 3428
3097 3 3429 3430
3098 3 3430 3431
3099 3 3431 3432
3100 3 3432 3433
3101 3 3433 3434
3102 3 3434 3435
3103 3 3435 3436
3104 3 3436 3437
3105 3 3437 3438
3106 3 3438 3439
3107 3 3439 3440
3108 3 3440 3441
3109 3 3441 3442
3110 3 3442 3443
3111 3 3443 3444
3112 3 3444 3445
3113 3 3445 3446
3114 3 3446 3447
3115 3 3448 3449
3116 3 3449 3450
3117 3 3450 3451
3118 3 3451 3452
3119 3 3452 3453
3120 3 3453 3454
3121 3 3454 3455
3122 3 3455 3456
3123 3 3456 3457
3124 3 3457 3458
3125 3 3458 3459
3126 3 3459 3460
3127 3 3460 3461
3128 3 3461 3462
3129 3 3462 3463
3130 3 3463 3464
3131 3 3464 3465
3132 3 3465 3466
3133 3 3467 3468
3134 3 3468 3469
3135 3 3469 3470
3136 3 3470 3471
3137 3 3471 3472
3138 3 3472 3473
3139 3 3473 3474
3140 3 3474 3475
3141 3 3475 3476
3142 3 3476 3477
3143 3 3477 3478
3144 3 3478 3479
3145 3 3479 3480
3146 3 3480 3481
3147 3 3481 3482
3148 3 3482 3483
3149 3 3483 3484
3150 3 3484 3485
3151 3 3486 3487
3152 3 3487 3488
3153 3 3488 3489
3154 3 3489 3490
3155 3 3490 3491
3156 3 3491 3492
3157 3 3492 3493
3158 3 3493 3494
3159 3 3494 3495
3160 3 3495 3496
3161 3 3496 3497
3162 3 3497 3498
3163 3 3498 3499
3164 3 3499 3500
3165 3 3500 3501
3166 3 3501 3502
3167 3 3502 3503
3168 3 3503 3504
3169 3 3505 3506
3170 3 3506 3507
3171 3 3507 3508
3172 3 3508 3509
3173 3 3509 3510
3174 3 3510 3511
3175 3 3511 3512
3176 3 3512 3513
3177 3 3513 3514
3178 3 3514 3515
3179 3 3515 3516
3180 3 3516 3517
3181 3 3517 3518
3182 3 3518 3519
3183 3 3519 3520
3184 3 3520 3521
3185 3 3521 3522
3186 3 3522 3523
3187 3 3524 3525
3188 3 3525 3526
3189 3 3526 3527
3190 3 3527 3528
3191 3 3528 3529
3192 3 3529 3530
3193 3 3530 3531
3194 3 3531 3532
3195 3 3532 3533
3196 3 3533 3534
3197 3 3534 3535
3198 3 3535 3536
3199 3 3536 3537
3200 3 3537 3538
3201 3 3538 3539
3202 3 3539 3540
3203 3 3540 3541
3204 3 3541 3542
3205 3 3543 3544
3206 3 3544 3545
3207 3 3545 3546
3208 3 3546 3547
3209 3 3547 3548
3210 3 3548 3549
3211 3 3549 3550
3212 3 3550 3551
3213 3 3551 3552
3214 3 3552 3553
3215 3 3553 3554
3216 3 3554 3555
3217 3 3555 3556
3218 3 3556 3557
3219 3 3557 3558
3220 3 3558 3559
3221 3 3559 3560
3222 3 3560 3561
3223 3 3562 3563
3224 3 3563 3564
3225 3 3564 3565
3226 3 3565 3566
3227 3 3566 3567
3228 3 3567 3568
3229 3 3568 3569
3230 3 3569 3570
3231 3 3570 3571
3232 3 3571 3572
3233 3 3572 3573
3234 3 3573 3574
3235 3 3574 3575
3236 3 3575 3576
3237 3 3576 3577
3238 3 3577 3578
3239 3 3578 3579
3240 3 3579 3580
3241 3 3581 3582
3242 3 3582 3583
3243 3 3583 3584
3244 3 3584 3585
3245 3 3585 3586
3246 3 3586 3587
3247 3 3587 3588
3248 3 3588 3589
3249 3 3589 3590
3250 3 3590 3591
3251 3 3591 3592
3252 3 3592 3593
3253 3 3593 3594
3254 3 3594 3595
3255 3 3595 3596
3256 3 3596 3597
3257 3 3597 3598
3258 3 3598 3599
3259 3 3600 3601
3260 3 3601 3602
3261 3 3602 3603
3262 3 3603 3604
3263 3 3604 3605
3264 3 3605 3606
3265 3 3606 3607
3266 3 3607 3608
3267 3 3608 3609
3268 3 3609 3610
3269 3 3610 3611
3270 3 3611 3612
3271 3 3612 3613
3272 3 3613 3614
3273 3 3614 3615
3274 3 3615 3616
3275 3 3616 3617
3276 3 3617 3618
3277 3 3619 3620
3278 3 3620 3621
3279 3 3621 3622
3280 3 3622 3623
3281 3 3623 3624
3282 3 3624 3625
3283 3 3625 3626
3284 3 3626 3627
3285 3 3627 3628
3286 3 3628 3629
3287 3 3629 3630
3288 3 3630 3631
3289 3 3631 3632
3290 3 3632 3633
3291 3 3633 3634
3292 3 3634 3635
3293 3 3635 3636
3294 3 3636 3637
3295 3 3638 3639
3296 3 3639 3640
3297 3 3640 3641
3298 3 3641 3642
3299 3 3642 3643
3300 3 3643 3644
3301 3 3644 3645
3302 3 3645 3646
3303 3 3646 3647
3304 3 3647 3648
3305 3 3648 3649
3306 3 3649 3650
3307 3 3650 3651
3308 3 3651 3652
3309 3 3652 3653
3310 3 3653 3654
3311 3 3654 3655
3312 3 3655 3656
3313 3 3657 3658
3314 3 3658 3659
3315 3 3659 3660
3316 3 3660 3661
3317 3 3661 3662
3318 3 3662 3663
3319 3 3663 3664
3320 3 3664 3665
3321 3 3665 3666
3322 3 3666 3667
3323 3 3667 3668
3324 3 3668 3669
3325 3 3669 3670
3326 3 3670 3671
3327 3 3671 3672
3328 3 3672 3673
3329 3 3673 3674
3330 3 3674 3675
3331 3 3676 3677
3332 3 3677 3678
3333 3 3678 3679
3334 3 3679 3680
3335 3 3680 3681
3336 3 3681 3682
3337 3 3682 3683
3338 3 3683 3684
3339 3 3684 3685
3340 3 3685 3686
3341 3 3686 3687
3342 3 3687 3688
3343 3 3688 3689
3344 3 3689 3690
3345 3 3690 3691
3346 3 3691 3692
3347 3 3692 3693
3348 3 3693 3694
3349 3 3695 3696
3350 3 3696 3697
3351 3 3697 3698
3352 3 3698 3699
3353 3 3699 3700
3354 3 3700 3701
3355 3 3701 3702
3356 3 3702 3703
3357 3 3703 3704
3358 3 3704 3705
3359 3 3705 3706
3360 3 3706 3707
3361 3 3707 3708
3362 3 3708 3709
3363 3 3709 3710
3364 3 3710 3711
3365 3 3711 3712
3366 3 3712 3713
3367 3 3714 3715
3368 3 3715 3716
3369 3 3716 3717
3370 3 3717 3718
3371 3 3718 3719
3372 3 3719 3720
3373 3 3720 3721
3374 3 3721 3722
3375 3 3722 3723
3376 3 3723 3724
3377 3 3724 3725
3378 3 3725 3726
3379 3 3726 3727
3380 3 3727 3728
3381 3 3728 3729
3382 3 3729 3730
3383 3 3730 3731
3384 3 3731 3732
3385 3 3733 3734
3386 3 3734 3735
3387 3 3735 3736
3388 3 3736 3737
3389 3 3737 3738
3390 3 3738 3739
3391 3 3739 3740
3392 3 3740 3741
3393 3 3741 3742
3394 3 3742 3743
3395 3 3743 3744
3396 3 3744 3745
3397 3 3745 3746
3398 3 3746 3747
3399 3 3747 3748
3400 3 3748 3749
3401 3 3749 3750
3402 3 3750 3751
3403 3 3752 3753
3404 3 3753 3754
3405 3 3754 3755
3406 3 3755 3756
3407 3 3756 3757
3408 3 3757 3758
3409 3 3758 3759
3410 3 3759 3760
3411 3 3760 3761
3412 3 3761 3762
3413 3 3762 3763
3414 3 3763 3764
3415 3 3764 3765
3416 3 3765 3766
3417 3 3766 3767
3418 3 3767 3768
3419 3 3768 3769
3420 3 3769 3770
3421 3 3771 3772
3422 3 3772 3773
3423 3 3773 3774
3424 3 3774 3775
3425 3 3775 3776
3426 3 3776 3777
3427 3 3777 3778
3428 3 3778 3779
3429 3 3779 3780
3430 3 3780 3781
3431 3 3781 3782
3432 3 3782 3783
3433 3 3783 3784
3434 3 3784 3785
3435 3 3785 3786
3436 3 3786 3787
3437 3 3787 3788
3438 3 3788 3789
3439 3 3790 3791
3440 3 3791 3792
3441 3 3792 3793
3442 3 3793 3794
3443 3 3794 3795
3444 3 3795 3796
3445 3 3796 3797
3446 3 3797 3798
3447 3 3798 3799
3448 3 3799 3800
3449 3 3800 3801
3450 3 3801 3802
3451 3 3802 3803
3452 3 3803 3804
3453 3 3804 3805
3454 3 3805 3806
3455 3 3806 3807
3456 3 3807 3808
3457 3 3809 3810
3458 3 3810 3811
3459 3 3811 3812
3460 3 3812 3813
3461 3 3813 3814
3462 3 3814 3815
3463 3 3815 3816
3464 3 3816 3817
3465 3 3817 3818
3466 3 3818 3819
3467 3 3819 3820
3468 3 3820 3821
3469 3 3821 3822
3470 3 3822 3823
3471 3 3823 3824
3472 3 3824 3825
3473 3 3825 3826
3474 3 3826 3827
3475 3 3828 3829
3476 3 3829 3830
3477 3 3830 3831
3478 3 3831 3832
3479 3 3832 3833
3480 3 3833 3834
3481 3 3834 3835
3482 3 3835 3836
3483 3 3836 3837
3484 3 3837 3838
3485 3 3838 3839
3486 3 3839 3840
3487 3 3840 3841
3488 3 3841 3842
3489 3 3842 3843
3490 3 3843 3844
3491 3 3844 3845
3492 3 3845 3846
3493 3 3847 3848
3494 3 3848 3849
3495 3 3849 3850
3496 3 3850 3851
3497 3 3851 3852
3498 3 3852 3853
3499 3 3853 3854
3500 3 3854 3855
3501 3 3855 3856
3502 3 3856 3857
3503 3 3857 3858
3504 3 3858 3859
3505 3 3859 3860
3506 3 3860 3861
3507 3 3861 3862
3508 3 3862 3863
3509 3 3863 3864
3510 3 3864 3865
3511 3 3866 3867
3512 3 3867 3868
3513 3 3868 3869
3514 3 3869 3870
3515 3 3870 3871
3516 3 3871 3872
3517 3 3872 3873
3518 3 3873 3874
3519 3 3874 3875
3520 3 3875 3876
3521 3 3876 3877
3522 3 3877 3878
3523 3 3878 3879
3524 3 3879 3880
3525 3 3880 3881
3526 3 3881 3882
3527 3 3882 3883
3528 3 3883 3884
3529 3 3885 3886
3530 3 3886 3887
3531 3 3887 3888
3532 3 3888 3889
3533 3 3889 3890
3534 3 3890 3891
3535 3 3891 3892
3536 3 3892 3893
3537 3 3893 3894
3538 3 3894 3895
3539 3 3895 3896
3540 3 3896 3897
3541 3 3897 3898
3542 3 3898 3899
3543 3 3899 3900
3544 3 3900 3901
3545 3 3901 3902
3546 3 3902 3903
3547 3 3904 3905
3548 3 3905 3906
3549 3 3906 3907
3550 3 3907 3908
3551 3 3908 3909
3552 3 3909 3910
3553 3 3910 3911
3554 3 3911 3912
3555 3 3912 3913
3556 3 3913 3914
3557 3 3914 3915
3558 3 3915 3916
3559 3 3916 3917
3560 3 3917 3918
3561 3 3918 3919
3562 3 3919 3920
3563 3 3920 3921
3564 3 3921 3922
3565 3 3923 3924
3566 3 3924 3925
3567 3 3925 3926
3568 3 3926 3927
3569 3 3927 3928
3570 3 3928 3929
3571 3 3929 3930
3572 3 3930 3931
3573 3 3931 3932
3574 3 3932 3933
3575 3 3933 3934
3576 3 3934 3935
3577 3 3935 3936
3578 3 3936 3937
3579 3 3937 3938
3580 3 3938 3939
3581 3 3939 3940
3582 3 3940 3941
3583 3 3942 3943
3584 3 3943 3944
3585 3 3944 3945
3586 3 3945 3946
3587 3 3946 3947
3588 3 3947 3948
3589 3 3948 3949
3590 3 3949 3950
3591 3 3950 3951
3592 3 3951 3952
3593 3 3952 3953
3594 3 3953 3954
3595 3 3954 3955
3596 3 3955 3956
3597 3 3956 3957
3598 3 3957 3958
3599 3 3958 3959
3600 3 3959 3960
3601 3 3961 3962
3602 3 3962 3963
3603 3 3963 3964
3604 3 3964 3965
3605 3 3965 3966
3606 3 3966 3967
3607 3 3967 3968
3608 3 3968 3969
3609 3 3969 3970
3610 3 3970 3971
3611 3 3971 3972
3612 3 3972 3973
3613 3 3973 3974
3614 3 3974 3975
3615 3 3975 3976
3616 3 3976 3977
3617 3 3977 3978
3618 3 3978 3979
3619 3 3980 3981
3620 3 3981 3982
3621 3 3982 3983
3622 3 3983 3984
3623 3 3984 3985
3624 3 3985 3986
3625 3 3986 3987
3626 3 3987 3988
3627 3 3988 3989
3628 3 3989 3990
3629 3 3990 3991
3630 3 3991 3992
3631 3 3992 3993
3632 3 3993 3994
3633 3 3994 3995
3634 3 3995 3996
3635 3 3996 3997
3636 3 3997 3998
3637 3 3999 4000
3638 3 4000 4001
3639 3 4001 4002
3640 3 4002 4003
3641 3 4003 4004
3642 3 4004 4005
3643 3 4005 4006
3644 3 4006 4007
3645 3 4007 4008
3646 3 4008 4009
3647 3 4009 4010
3648 3 4010 4011
3649 3 4011 4012
3650 3 4012 4013
3651 3 4013 4014
3652 3 4014 4015
3653 3 4015 4016
3654 3 4016 4017
3655 3 4018 4019
3656 3 4019 4020
3657 3 4020 4021
3658 3 4021 4022
3659 3 4022 4023
3660 3 4023 4024
3661 3 4024 4025
3662 3 4025 4026
3663 3 4026 4027
3664 3 4027 4028
3665 3 4028 4029
3666 3 4029 4030
3667 3 4030 4031
3668 3 4031 4032
3669 3 4032 4033
3670 3 4033 4034
3671 3 4034 4035
3672 3 4035 4036
3673 3 4037 4038
3674 3 4038 4039
3675 3 4039 4040
3676 3 4040 4041
3677 3 4041 4042
3678 3 4042 4043
3679 3 4043 4044
3680 3 4044 4045
3681 3 4045 4046
3682 3 4046 4047
3683 3 4047 4048
3684 3 4048 4049
3685 3 4049 4050
3686 3 4050 4051
3687 3 4051 4052
3688 3 4052 4053
3689 3 4053 4054
3690 3 4054 4055
3691 3 4056 4057
3692 3 4057 4058
3693 3 4058 4059
3694 3 4059 4060
3695 3 4060 4061
3696 3 4061 4062
3697 3 4062 4063
3698 3 4063 4064
3699 3 4064 4065
3700 3 4065 4066
3701 3 4066 4067
3702 3 4067 4068
3703 3 4068 4069
3704 3 4069 4070
3705 3 4070 4071
3706 3 4071 4072
3707 3 4072 4073
3708 3 4073 4074
3709 3 4075 4076
3710 3 4076 4077
3711 3 4077 4078
3712 3 4078 4079
3713 3 4079 4080
3714 3 4080 4081
3715 3 4081 4082
3716 3 4082 4083
3717 3 4083 4084
3718 3 4084 4085
3719 3 4085 4086
3720 3 4086 4087
3721 3 4087 4088
3722 3 4088 4089
3723 3 4089 4090
3724 3 4090 4091
3725 3 4091 4092
3726 3 4092 4093
3727 3 4094 4095
3728 3 4095 4096
3729 3 4096 4097
3730 3 4097 4098
3731 3 4098 4099
3732 3 4099 4100
3733 3 4100 4101
3734 3 4101 4102
3735 3 4102 4103
3736 3 4103 4104
3737 3 4104 4105
3738 3 4105 4106
3739 3 4106 4107
3740 3 4107 4108
3741 3 4108 4109
3742 3 4109 4110
3743 3 4110 4111
3744 3 4111 4112
3745 3 4113 4114
3746 3 4114 4115
3747 3 4115 4116
3748 3 4116 4117
3749 3 4117 4118
3750 3 4118 4119
3751 3 4119 4120
3752 3 4120 4121
3753 3 4121 4122
3754 3 4122 4123
3755 3 4123 4124
3756 3 4124 4125
3757 3 4125 4126
3758 3 4126 4127
3759 3 4127 4128
3760 3 4128 4129
3761 3 4129 4130
3762 3 4130 4131
3763 3 4132 4133
3764 3 4133 4134
3765 3 4134 4135
3766 3 4135 4136
3767 3 4136 4137
3768 3 4137 4138
3769 3 4138 4139
3770 3 4139 4140
3771 3 4140 4141
3772 3 4141 4142
3773 3 4142 4143
3774 3 4143 4144
3775 3 4144 4145
3776 3 4145 4146
3777 3 4146 4147
3778 3 4147 4148
3779 3 4148 4149
3780 3 4149 4150
3781 3 4151 4152
3782 3 4152 4153
3783 3 4153 4154
3784 3 4154 4155
3785 3 4155 4156
3786 3 4156 4157
3787 3 4157 4158
3788 3 4158 4159
3789 3 4159 4160
3790 3 4160 4161
3791 3 4161 4162
3792 3 4162 4163
3793 3 4163 4164
3794 3 4164 4165
3795 3 4165 4166
3796 3 4166 4167
3797 3 4167 4168
3798 3 4168 4169
3799 3 4170 4171
3800 3 4171 4172
3801 3 4172 4173
3802 3 4173 4174
3803 3 4174 4175
3804 3 4175 4176
3805 3 4176 4177
3806 3 4177 4178
3807 3 4178 4179
3808 3 4179 4180
3809 3 4180 4181
3810 3 4181 4182
3811 3 4182 4183
3812 3 4183 4184
3813 3 4184 4185
3814 3 4185 4186
3815 3 4186 4187
3816 3 4187 4188
3817 3 4189 4190
3818 3 4190 4191
3819 3 4191 4192
3820 3 4192 4193
3821 3 4193 4194
3822 3 4194 4195
3823 3 4195 4196
3824 3 4196 4197
3825 3 4197 4198
3826 3 4198 4199
3827 3 4199 4200
3828 3 4200 4201
3829 3 4201 4202
3830 3 4202 4203
3831 3 4203 4204
3832 3 4204 4205
3833 3 4205 4206
3834 3 4206 4207
3835 3 4208 4209
3836 3 4209 4210
3837 3 4210 4211
3838 3 4211 4212
3839 3 4212 4213
3840 3 4213 4214
3841 3 4214 4215
3842 3 4215 4216
3843 3 4216 4217
3844 3 4217 4218
3845 3 4218 4219
3846 3 4219 4220
3847 3 4220 4221
3848 3 4221 4222
3849 3 4222 4223
3850 3 4223 4224
3851 3 4224 4225
3852 3 4225 4226
3853 3 4227 4228
3854 3 4228 4229
3855 3 4229 4230
3856 3 4230 4231
3857 3 4231 4232
3858 3 4232 4233
3859 3 4233 4234
3860 3 4234 4235
3861 3 4235 4236
3862 3 4236 4237
3863 3 4237 4238
3864 3 4238 4239
3865 3 4239 4240
3866 3 4240 4241
3867 3 4241 4242
3868 3 4242 4243
3869 3 4243 4244
3870 3 4244 4245
3871 3 4246 4247
3872 3 4247 4248
3873 3 4248 4249
3874 3 4249 4250
3875 3 4250 4251
3876 3 4251 4252
3877 3 4252 4253
3878 3 4253 4254
3879 3 4254 4255
3880 3 4255 4256
3881 3 4256 4257
3882 3 4257 4258
3883 3 4258 4259
3884 3 4259 4260
3885 3 4260 4261
3886 3 4261 4262
3887 3 4262 4263
3888 3 4263 4264
3889 3 4265 4266
3890 3 4266 4267
3891 3 4267 4268
3892 3 4268 4269
3893 3 4269 4270
3894 3 4270 4271
3895 3 4271 4272
3896 3 4272 4273
3897 3 4273 4274
3898 3 4274 4275
3899 3 4275 4276
3900 3 4276 4277
3901 3 4277 4278
3902 3 4278 4279
3903 3 4279 4280
3904 3 4280 4281
3905 3 4281 4282
3906 3 4282 4283
3907 3 4284 4285
3908 3 4285 4286
3909 3 4286 4287
3910 3 4287 4288
3911 3 4288 4289
3912 3 4289 4290
3913 3 4290 4291
3914 3 4291 4292
3915 3 4292 4293
3916 3 4293 4294
3917 3 4294 4295
3918 3 4295 4296
3919 3 4296 4297
3920 3 4297 4298
3921 3 4298 4299
3922 3 4299 4300
3923 3 4300 4301
3924 3 4301 4302
3925 3 4303 4304
3926 3 4304 4305
3927 3 4305 4306
3928 3 4306 4307
3929 3 4307 4308
3930 3 4308 4309
3931 3 4309 4310
3932 3 4310 4311
3933 3 4311 4312
3934 3 4312 4313
3935 3 4313 4314
3936 3 4314 4315
3937 3 4315 4316
3938 3 4316 4317
3939 3 4317 4318
3940 3 4318 4319
3941 3 4319 4320
3942 3 4320 4321
3943 3 4322 4323
3944 3 4323 4324
3945 3 4324 4325
3946 3 4325 4326
3947 3 4326 4327
3948 3 4327 4328
3949 3 4328 4329
3950 3 4329 4330
3951 3 4330 4331
3952 3 4331 4332
3953 3 4332 4333
3954 3 4333 4334
3955 3 4334 4335
3956 3 4335 4336
3957 3 4336 4337
3958 3 4337 4338
3959 3 4338 4339
3960 3 4339 4340
3961 3 4341 4342
3962 3 4342 4343
3963 3 4343 4344
3964 3 4344 4345
3965 3 4345 4346
3966 3 4346 4347
3967 3 4347 4348
3968 3 4348 4349
3969 3 4349 4350
3970 3 4350 4351
3971 3 4351 4352
3972 3 4352 4353
3973 3 4353 4354
3974 3 4354 4355
3975 3 4355 4356
3976 3 4356 4357
3977 3 4357 4358
3978 3 4358 4359
3979 3 4360 4361
3980 3 4361 4362
3981 3 4362 4363
3982 3 4363 4364
3983 3 4364 4365
3984 3 4365 4366
3985 3 4366 4367
3986 3 4367 4368
3987 3 4368 4369
3988 3 4369 4370
3989 3 4370 4371
3990 3 4371 4372
3991 3 4372 4373
3992 3 4373 4374
3993 3 4374 4375
3994 3 4375 4376
3995 3 4376 4377
3996 3 4377 4378
3997 3 4379 4380
3998 3 4380 4381
3999 3 4381 4382
4000 3 4382 4383
4001 3 4383 4384
4002 3 4384 4385
4003 3 4385 4386
4004 3 4386 4387
4005 3 4387 4388
4006 3 4388 4389
4007 3 4389 4390
4008 3 4390 4391
4009 3 4391 4392
4010 3 4392 4393
4011 3 4393 4394
4012 3 4394 4395
4013 3 4395 4396
4014 3 4396 4397
4015 3 4398 4399
4016 3 4399 4400
4017 3 4400 4401
4018 3 4401 4402
4019 3 4402 4403
4020 3 4403 4404
4021 3 4404 4405
4022 3 4405 4406
4023 3 4406 4407
4024 3 4407 4408
4025 3 4408 4409
4026 3 4409 4410
4027 3 4410 4411
4028 3 4411 4412
4029 3 4412 4413
4030 3 4413 4414
4031 3 4414 4415
4032 3 4415 4416
4033 3 4417 4418
4034 3 4418 4419
4035 3 4419 4420
4036 3 4420 4421
4037 3 4421 4422
4038 3 4422 4423
4039 3 4423 4424
4040 3 4424 4425
4041 3 4425 4426
4042 3 4426 4427
4043 3 4427 4428
4044 3 4428 4429
4045 3 4429 4430
4046 3 4430 4431
4047 3 4431 4432
4048 3 4432 4433
4049 3 4433 4434
4050 3 4434 4435
4051 3 4436 4437
4052 3 4437 4438
4053 3 4438 4439
4054 3 4439 4440
4055 3 4440 4441
4056 3 4441 4442
4057 3 4442 4443
4058 3 4443 4444
4059 3 4444 4445
4060 3 4445 4446
4061 3 4446 4447
4062 3 4447 4448
4063 3 4448 4449
4064 3 4449 4450
4065 3 4450 4451
4066 3 4451 4452
4067 3 4452 4453
4068 3 4453 4454
4069 3 4455 4456
4070 3 4456 4457
4071 3 4457 4458
4072 3 4458 4459
4073 3 4459 4460
4074 3 4460 4461
4075 3 4461 4462
4076 3 4462 4463
4077 3 4463 4464
4078 3 4464 4465
4079 3 4465 4466
4080 3 4466 4467
4081 3 4467 4468
4082 3 4468 4469
4083 3 4469 4470
4084 3 4470 4471
4085 3 4471 4472
4086 3 4472 4473
4087 3 4474 4475
4088 3 4475 4476
4089 3 4476 4477
4090 3 4477 4478
4091 3 4478 4479
4092 3 4479 4480
4093 3 4480 4481
4094 3 4481 4482
4095 3 4482 4483
4096 3 4483 4484
4097 3 4484 4485
4098 3 4485 4486
4099 3 4486 4487
4100 3 4487 4488
4101 3 4488 4489
4102 3 4489 4490
4103 3 4490 4491
4104 3 4491 4492
4105 3 4493 4494
4106 3 4494 4495
4107 3 4495 4496
4108 3 4496 4497
4109 3 4497 4498
4110 3 4498 4499
4111 3 4499 4500
4112 3 4500 4501
4113 3 4501 4502
4114 3 4502 4503
4115 3 4503 4504
4116 3 4504 4505
4117 3 4505 4506
4118 3 4506 4507
4119 3 4507 4508
4120 3 4508 4509
4121 3 4509 4510
4122 3 4510 4511
4123 3 4512 4513
4124 3 4513 4514
4125 3 4514 4515
4126 3 4515 4516
4127 3 4516 4517
4128 3 4517 4518
4129 3 4518 4519
4130 3 4519 4520
4131 3 4520 4521
4132 3 4521 4522
4133 3 4522 4523
4134 3 4523 4524
4135 3 4524 4525
4136 3 4525 4526
4137 3 4526 4527
4138 3 4527 4528
4139 3 4528 4529
4140 3 4529 4530
4141 3 4531 4532
4142 3 4532 4533
4143 3 4533 4534
4144 3 4534 4535
4145 3 4535 4536
4146 3 4536 4537
4147 3 4537 4538
4148 3 4538 4539
4149 3 4539 4540
4150 3 4540 4541
4151 3 4541 4542
4152 3 4542 4543
4153 3 4543 4544
4154 3 4544 4545
4155 3 4545 4546
4156 3 4546 4547
4157 3 4547 4548
4158 3 4548 4549
4159 3 4550 4551
4160 3 4551 4552
4161 3 4552 4553
4162 3 4553 4554
4163 3 4554 4555
4164 3 4555 4556
4165 3 4556 4557
4166 3 4557 4558
4167 3 4558 4559
4168 3 4559 4560
4169 3 4560 4561
4170 3 4561 4562
4171 3 4562 4563
4172 3 4563 4564
4173 3 4564 4565
4174 3 4565 4566
4175 3 4566 4567
4176 3 4567 4568
4177 3 4569 4570
4178 3 4570 4571
4179 3 4571 4572
4180 3 4572 4573
4181 3 4573 4574
4182 3 4574 4575
4183 3 4575 4576
4184 3 4576 4577
4185 3 4577 4578
4186 3 4578 4579
4187 3 4579 4580
4188 3 4580 4581
4189 3 4581 4582
4190 3 4582 4583
4191 3 4583 4584
4192 3 4584 4585
4193 3 4585 4586
4194 3 4586 4587
4195 3 4588 4589
4196 3 4589 4590
4197 3 4590 4591
4198 3 4591 4592
4199 3 4592 4593
4200 3 4593 4594
4201 3 4594 4595
4202 3 4595 4596
4203 3 4596 4597
4204 3 4597 4598
4205 3 4598 4599
4206 3 4599 4600
4207 3 4600 4601
4208 3 4601 4602
4209 3 4602 4603
4210 3 4603 4604
4211 3 4604 4605
4212 3 4605 4606
4213 3 4607 4608
4214 3 4608 4609
4215 3 4609 4610
4216 3 4610 4611
4217 3 4611 4612
4218 3 4612 4613
4219 3 4613 4614
4220 3 4614 4615
4221 3 4615 4616
4222 3 4616 4617
4223 3 4617 4618
4224 3 4618 4619
4225 3 4619 4620
4226 3 4620 4621
4227 3 4621 4622
4228 3 4622 4623
4229 3 4623 4624
4230 3 4624 4625
4231 3 4626 4627
4232 3 4627 4628
4233 3 4628 4629
4234 3 4629 4630
4235 3 4630 4631
4236 3 4631 4632
4237 3 4632 4633
4238 3 4633 4634
4239 3 4634 4635
4240 3 4635 4636
4241 3 4636 4637
4242 3 4637 4638
4243 3 4638 4639
4244 3 4639 4640
4245 3 4640 4641
4246 3 4641 4642
4247 3 4642 4643
4248 3 4643 4644
4249 3 4645 4646
4250 3 4646 4647
4251 3 4647 4648
4252 3 4648 4649
4253 3 4649 4650
4254 3 4650 4651
4255 3 4651 4652
4256 3 4652 4653
4257 3 4653 4654
4258 3 4654 4655
4259 3 4655 4656
4260 3 4656 4657
4261 3 4657 4658
4262 3 4658 4659
4263 3 4659 4660
4264 3 4660 4661
4265 3 4661 4662
4266 3 4662 4663
4267 3 4664 4665
4268 3 4665 4666
4269 3 4666 4667
4270 3 4667 4668
4271 3 4668 4669
4272 3 4669 4670
4273 3 4670 4671
4274 3 4671 4672
4275 3 4672 4673
4276 3 4673 4674
4277 3 4674 4675
4278 3 4675 4676
4279 3 4676 4677
4280 3 4677 4678
4281 3 4678 4679
4282 3 4679 4680
4283 3 4680 4681
4284 3 4681 4682
4285 3 4683 4684
4286 3 4684 4685
4287 3 4685 4686
4288 3 4686 4687
4289 3 4687 4688
4290 3 4688 4689
4291 3 4689 4690
4292 3 4690 4691
4293 3 4691 4692
4294 3 4692 4693
4295 3 4693 4694
4296 3 4694 4695
4297 3 4695 4696
4298 3 4696 4697
4299 3 4697 4698
4300 3 4698 4699
4301 3 4699 4700
4302 3 4700 4701
4303 3 4702 4703
4304 3 4703 4704
4305 3 4704 4705
4306 3 4705 4706
4307 3 4706 4707
4308 3 4707 4708
4309 3 4708 4709
4310 3 4709 4710
4311 3 4710 4711
4312 3 4711 4712
4313 3 4712 4713
4314 3 4713 4714
4315 3 4714 4715
4316 3 4715 4716
4317 3 4716 4717
4318 3 4717 4718
4319 3 4718 4719
4320 3 4719 4720
4321 3 4721 4722
4322 3 4722 4723
4323 3 4723 4724
4324 3 4724 4725
4325 3 4725 4726
4326 3 4726 4727
4327 3 4727 4728
4328 3 4728 4729
4329 3 4729 4730
4330 3 4730 4731
4331 3 4731 4732
4332 3 4732 4733
4333 3 4733 4734
4334 3 4734 4735
4335 3 4735 4736
4336 3 4736 4737
4337 3 4737 4738
4338 3 4738 4739
4339 3 4740 4741
4340 3 4741 4742
4341 3 4742 4743
4342 3 4743 4744
4343 3 4744 4745
4344 3 4745 4746
4345 3 4746 4747
4346 3 4747 4748
4347 3 4748 4749
4348 3 4749 4750
4349 3 4750 4751
4350 3 4751 4752
4351 3 4752 4753
4352 3 4753 4754
4353 3 4754 4755
4354 3 4755 4756
4355 3 4756 4757
4356 3 4757 4758
4357 3 4759 4760
4358 3 4760 4761
4359 3 4761 4762
4360 3 4762 4763
4361 3 4763 4764
4362 3 4764 4765
4363 3 4765 4766
4364 3 4766 4767
4365 3 4767 4768
4366 3 4768 4769
4367 3 4769 4770
4368 3 4770 4771
4369 3 4771 4772
4370 3 4772 4773
4371 3 4773 4774
4372 3 4774 4775
4373 3 4775 4776
4374 3 4776 4777
4375 3 4778 4779
4376 3 4779 4780
4377 3 4780 4781
4378 3 4781 4782
4379 3 4782 4783
4380 3 4783 4784
4381 3 4784 4785
4382 3 4785 4786
4383 3 4786 4787
4384 3 4787 4788
4385 3 4788 4789
4386 3 4789 4790
4387 3 4790 4791
4388 3 4791 4792
4389 3 4792 4793
4390 3 4793 4794
4391 3 4794 4795
4392 3 4795 4796
4393 3 4797 4798
4394 3 4798 4799
4395 3 4799 4800
4396 3 4800 4801
4397 3 4801 4802
4398 3 4802 4803
4399 3 4803 4804
4400 3 4804 4805
4401 3 4805 4806
4402 3 4806 4807
4403 3 4807 4808
4404 3 4808 4809
4405 3 4809 4810
4406 3 4810 4811
4407 3 4811 4812
4408 3 4812 4813
4409 3 4813 4814
4410 3 4814 4815
4411 3 4816 4817
4412 3 4817 4818
4413 3 4818 4819
4414 3 4819 4820
4415 3 4820 4821
4416 3 4821 4822
4417 3 4822 4823
4418 3 4823 4824
4419 3 4824 4825
4420 3 4825 4826
4421 3 4826 4827
4422 3 4827 4828
4423 3 4828 4829
4424 3 4829 4830
4425 3 4830 4831
4426 3 4831 4832
4427 3 4832 4833
4428 3 4833 4834
4429 3 4835 4836
4430 3 4836 4837
4431 3 4837 4838
4432 3 4838 4839
4433 3 4839 4840
4434 3 4840 4841
4435 3 4841 4842
4436 3 4842 4843
4437 3 4843 4844
4438 3 4844 4845
4439 3 4845 4846
4440 3 4846 4847
4441 3 4847 4848
4442 3 4848 4849
4443 3 4849 4850
4444 3 4850 4851
4445 3 4851 4852
4446 3 4852 4853
4447 3 4854 4855
4448 3 4855 4856
4449 3 4856 4857
4450 3 4857 4858
4451 3 4858 4859
4452 3 4859 4860
4453 3 4860 4861
4454 3 4861 4862
4455 3 4862 4863
4456 3 4863 4864
4457 3 4864 4865
4458 3 4865 4866
4459 3 4866 4867
4460 3 4867 4868
4461 3 4868 4869
4462 3 4869 4870
4463 3 4870 4871
4464 3 4871 4872
4465 3 4873 4874
4466 3 4874 4875
4467 3 4875 4876
4468 3 4876 4877
4469 3 4877 4878
4470 3 4878 4879
4471 3 4879 4880
4472 3 4880 4881
4473 3 4881 4882
4474 3 4882 4883
4475 3 4883 4884
4476 3 4884 4885
4477 3 4885 4886
4478 3 4886 4887
4479 3 4887 4888
4480 3 4888 4889
4481 3 4889 4890
4482 3 4890 4891
4483 3 4892 4893
4484 3 4893 4894
4485 3 4894 4895
4486 3 4895 4896
4487 3 4896 4897
4488 3 4897 4898
4489 3 4898 4899
4490 3 4899 4900
4491 3 4900 4901
4492 3 4901 4902
4493 3 4902 4903
4494 3 4903 4904
4495 3 4904 4905
4496 3 4905 4906
4497 3 4906 4907
4498 3 4907 4908
4499 3 4908 4909
4500 3 4909 4910
4501 3 4911 4912
4502 3 4912 4913
4503 3 4913 4914
4504 3 4914 4915
4505 3 4915 4916
4506 3 4916 4917
4507 3 4917 4918
4508 3 4918 4919
4509 3 4919 4920
4510 3 4920 4921
4511 3 4921 4922
4512 3 4922 4923
4513 3 4923 4924
4514 3 4924 4925
4515 3 4925 4926
4516 3 4926 4927
4517 3 4927 4928
4518 3 4928 4929
4519 3 4930 4931
4520 3 4931 4932
4521 3 4932 4933
4522 3 4933 4934
4523 3 4934 4935
4524 3 4935 4936
4525 3 4936 4937
4526 3 4937 4938
4527 3 4938 4939
4528 3 4939 4940
4529 3 4940 4941
4530 3 4941 4942
4531 3 4942 4943
4532 3 4943 4944
4533 3 4944 4945
4534 3 4945 4946
4535 3 4946 4947
4536 3 4947 4948
4537 3 4949 4950
4538 3 4950 4951
4539 3 4951 4952
4540 3 4952 4953
4541 3 4953 4954
4542 3 4954 4955
4543 3 4955 4956
4544 3 4956 4957
4545 3 4957 4958
4546 3 4958 4959
4547 3 4959 4960
4548 3 4960 4961
4549 3 4961 4962
4550 3 4962 4963
4551 3 4963 4964
4552 3 4964 4965
4553 3 4965 4966
4554 3 4966 4967
4555 3 4968 4969
4556 3 4969 4970
4557 3 4970 4971
4558 3 4971 4972
4559 3 4972 4973
4560 3 4973 4974
4561 3 4974 4975
4562 3 4975 4976
4563 3 4976 4977
4564 3 4977 4978
4565 3 4978 4979
4566 3 4979 4980
4567 3 4980 4981
4568 3 4981 4982
4569 3 4982 4983
4570 3 4983 4984
4571 3 4984 4985
4572 3 4985 4986
4573 3 4987 4988
4574 3 4988 4989
4575 3 4989 4990
4576 3 4990 4991
4577 3 4991 4992
4578 3 4992 4993
4579 3 4993 4994
4580 3 4994 4995
4581 3 4995 4996
4582 3 4996 4997
4583 3 4997 4998
4584 3 4998 4999
4585 3 4999 5000
4586 3 5000 5001
4587 3 5001 5002
4588 3 5002 5003
4589 3 5003 5004
4590 3 5004 5005
4591 3 5006 5007
4592 3 5007 5008
4593 3 5008 5009
4594 3 5009 5010
4595 3 5010 5011
4596 3 5011 5012
4597 3 5012 5013
4598 3 5013 5014
4599 3 5014 5015
4600 3 5015 5016
4601 3 5016 5017
4602 3 5017 5018
4603 3 5018 5019
4604 3 5019 5020
4605 3 5020 5021
4606 3 5021 5022
4607 3 5022 5023
4608 3 5023 5024
4609 3 5025 5026
4610 3 5026 5027
4611 3 5027 5028
4612 3 5028 5029
4613 3 5029 5030
4614 3 5030 5031
4615 3 5031 5032
4616 3 5032 5033
4617 3 5033 5034
4618 3 5034 5035
4619 3 5035 5036
4620 3 5036 5037
4621 3 5037 5038
4622 3 5038 5039
4623 3 5039 5040
4624 3 5040 5041
4625 3 5041 5042
4626 3 5042 5043
4627 3 5044 5045
4628 3 5045 5046
4629 3 5046 5047
4630 3 5047 5048
4631 3 5048 5049
4632 3 5049 5050
4633 3 5050 5051
4634 3 5051 5052
4635 3 5052 5053
4636 3 5053 5054
4637 3 5054 5055
4638 3 5055 5056
4639 3 5056 5057
4640 3 5057 5058
4641 3 5058 5059
4642 3 5059 5060
4643 3 5060 5061
4644 3 5061 5062
4645 3 5063 5064
4646 3 5064 5065
4647 3 5065 5066
4648 3 5066 5067
4649 3 5067 5068
4650 3 5068 5069
4651 3 5069 5070
4652 3 5070 5071
4653 3 5071 5072
4654 3 5072 5073
4655 3 5073 5074
4656 3 5074 5075
4657 3 5075 5076
4658 3 5076 5077
4659 3 5077 5078
4660 3 5078 5079
4661 3 5079 5080
4662 3 5080 5081
4663 3 5082 5083
4664 3 5083 5084
4665 3 5084 5085
4666 3 5085 5086
4667 3 5086 5087
4668 3 5087 5088
4669 3 5088 5089
4670 3 5089 5090
4671 3 5090 5091
4672 3 5091 5092
4673 3 5092 5093
4674 3 5093 5094
4675 3 5094 5095
4676 3 5095 5096
4677 3 5096 5097
4678 3 5097 5098
4679 3 5098 5099
4680 3 5099 5100
4681 3 5101 5102
4682 3 5102 5103
4683 3 5103 5104
4684 3 5104 5105
4685 3 5105 5106
4686 3 5106 5107
4687 3 5107 5108
4688 3 5108 5109
4689 3 5109 5110
4690 3 5110 5111
4691 3 5111 5112
4692 3 5112 5113
4693 3 5113 5114
4694 3 5114 5115
4695 3 5115 5116
4696 3 5116 5117
4697 3 5117 5118
4698 3 5118 5119
4699 3 5120 5121
4700 3 5121 5122
4701 3 5122 5123
4702 3 5123 5124
4703 3 5124 5125
4704 3 5125 5126
4705 3 5126 5127
4706 3 5127 5128
4707 3 5128 5129
4708 3 5129 5130
4709 3 5130 5131
4710 3 5131 5132
4711 3 5132 5133
4712 3 5133 5134
4713 3 5134 5135
4714 3 5135 5136
4715 3 5136 5137
4716 3 5137 5138
4717 3 5139 5140
4718 3 5140 5141
4719 3 5141 5142
4720 3 5142 5143
4721 3 5143 5144
4722 3 5144 5145
4723 3 5145 5146
4724 3 5146 5147
4725 3 5147 5148
4726 3 5148 5149
4727 3 5149 5150
4728 3 5150 5151
4729 3 5151 5152
4730 3 5152 5153
4731 3 5153 5154
4732 3 5154 5155
4733 3 5155 5156
4734 3 5156 5157
4735 3 5158 5159
4736 3 5159 5160
4737 3 5160 5161
4738 3 5161 5162
4739 3 5162 5163
4740 3 5163 5164
4741 3 5164 5165
4742 3 5165 5166
4743 3 5166 5167
4744 3 5167 5168
4745 3 5168 5169
4746 3 5169 5170
4747 3 5170 5171
4748 3 5171 5172
4749 3 5172 5173
4750 3 5173 5174
4751 3 5174 5175
4752 3 5175 5176
4753 3 5177 5178
4754 3 5178 5179
4755 3 5179 5180
4756 3 5180 5181
4757 3 5181 5182
4758 3 5182 5183
4759 3 5183 5184
4760 3 5184 5185
4761 3 5185 5186
4762 3 5186 5187
4763 3 5187 5188
4764 3 5188 5189
4765 3 5189 5190
4766 3 5190 5191
4767 3 5191 5192
4768 3 5192 5193
4769 3 5193 5194
4770 3 5194 5195
4771 3 5196 5197
4772 3 5197 5198
4773 3 5198 5199
4774 3 5199 5200
4775 3 5200 5201
4776 3 5201 5202
4777 3 5202 5203
4778 3 5203 5204
4779 3 5204 5205
4780 3 5205 5206
4781 3 5206 5207
4782 3 5207 5208
4783 3 5208 5209
4784 3 5209 5210
4785 3 5210 5211
4786 3 5211 5212
4787 3 5212 5213
4788 3 5213 5214
4789 3 5215 5216
4790 3 5216 5217
4791 3 5217 5218
4792 3 5218 5219
4793 3 5219 5220
4794 3 5220 5221
4795 3 5221 5222
4796 3 5222 5223
4797 3 5223 5224
4798 3 5224 5225
4799 3 5225 5226
4800 3 5226 5227
4801 3 5227 5228
4802 3 5228 5229
4803 3 5229 5230
4804 3 5230 5231
4805 3 5231 5232
4806 3 5232 5233
4807 3 5234 5235
4808 3 5235 5236
4809 3 5236 5237
4810 3 5237 5238
4811 3 5238 5239
4812 3 5239 5240
4813 3 5240 5241
4814 3 5241 5242
4815 3 5242 5243
4816 3 5243 5244
4817 3 5244 5245
4818 3 5245 5246
4819 3 5246 5247
4820 3 5247 5248
4821 3 5248 5249
4822 3 5249 5250
4823 3 5250 5251
4824 3 5251 5252
4825 3 5253 5254
4826 3 5254 5255
4827 3 5255 5256
4828 3 5256 5257
4829 3 5257 5258
4830 3 5258 5259
4831 3 5259 5260
4832 3 5260 5261
4833 3 5261 5262
4834 3 5262 5263
4835 3 5263 5264
4836 3 5264 5265
4837 3 5265 5266
4838 3 5266 5267
4839 3 5267 5268
4840 3 5268 5269
4841 3 5269 5270
4842 3 5270 5271
4843 3 5272 5273
4844 3 5273 5274
4845 3 5274 5275
4846 3 5275 5276
4847 3 5276 5277
4848 3 5277 5278
4849 3 5278 5279
4850 3 5279 5280
4851 3 5280 5281
4852 3 5281 5282
4853 3 5282 5283
4854 3 5283 5284
4855 3 5284 5285
4856 3 5285 5286
4857 3 5286 5287
4858 3 5287 5288
4859 3 5288 5289
4860 3 5289 5290
4861 3 5291 5292
4862 3 5292 5293
4863 3 5293 5294
4864 3 5294 5295
4865 3 5295 5296
4866 3 5296 5297
4867 3 5297 5298
4868 3 5298 5299
4869 3 5299 5300
4870 3 5300 5301
4871 3 5301 5302
4872 3 5302 5303
4873 3 5303 5304
4874 3 5304 5305
4875 3 5305 5306
4876 3 5306 5307
4877 3 5307 5308
4878 3 5308 5309
4879 3 5310 5311
4880 3 5311 5312
4881 3 5312 5313
4882 3 5313 5314
4883 3 5314 5315
4884 3 5315 5316
4885 3 5316 5317
4886 3 5317 5318
4887 3 5318 5319
4888 3 5319 5320
4889 3 5320 5321
4890 3 5321 5322
4891 3 5322 5323
4892 3 5323 5324
4893 3 5324 5325
4894 3 5325 5326
4895 3 5326 5327
4896 3 5327 5328
4897 3 5329 5330
4898 3 5330 5331
4899 3 5331 5332
4900 3 5332 5333
4901 3 5333 5334
4902 3 5334 5335
4903 3 5335 5336
4904 3 5336 5337
4905 3 5337 5338
4906 3 5338 5339
4907 3 5339 5340
4908 3 5340 5341
4909 3 5341 5342
4910 3 5342 5343
4911 3 5343 5344
4912 3 5344 5345
4913 3 5345 5346
4914 3 5346 5347
4915 3 5348 5349
4916 3 5349 5350
4917 3 5350 5351
4918 3 5351 5352
4919 3 5352 5353
4920 3 5353 5354
4921 3 5354 5355
4922 3 5355 5356
4923 3 5356 5357
4924 3 5357 5358
4925 3 5358 5359
4926 3 5359 5360
4927 3 5360 5361
4928 3 5361 5362
4929 3 5362 5363
4930 3 5363 5364
4931 3 5364 5365
4932 3 5365 5366
4933 3 5367 5368
4934 3 5368 5369
4935 3 5369 5370
4936 3 5370 5371
4937 3 5371 5372
4938 3 5372 5373
4939 3 5373 5374
4940 3 5374 5375
4941 3 5375 5376
4942 3 5376 5377
4943 3 5377 5378
4944 3 5378 5379
4945 3 5379 5380
4946 3 5380 5381
4947 3 5381 5382
4948 3 5382 5383
4949 3 5383 5384
4950 3 5384 5385
4951 3 5386 5387
4952 3 5387 5388
4953 3 5388 5389
4954 3 5389 5390
4955 3 5390 5391
4956 3 5391 5392
4957 3 5392 5393
4958 3 5393 5394
4959 3 5394 5395
4960 3 5395 5396
4961 3 5396 5397
4962 3 5397 5398
4963 3 5398 5399
4964 3 5399 5400
4965 3 5400 5401
4966 3 5401 5402
4967 3 5402 5403
4968 3 5403 5404
4969 3 5405 5406
4970 3 5406 5407
4971 3 5407 5408
4972 3 5408 5409
4973 3 5409 5410
4974 3 5410 5411
4975 3 5411 5412
4976 3 5412 5413
4977 3 5413 5414
4978 3 5414 5415
4979 3 5415 5416
4980 3 5416 5417
4981 3 5417 5418
4982 3 5418 5419
4983 3 5419 5420
4984 3 5420 5421
4985 3 5421 5422
4986 3 5422 5423
4987 3 5424 5425
4988 3 5425 5426
4989 3 5426 5427
4990 3 5427 5428
4991 3 5428 5429
4992 3 5429 5430
4993 3 5430 5431
4994 3 5431 5432
4995 3 5432 5433
4996 3 5433 5434
4997 3 5434 5435
4998 3 5435 5436
4999 3 5436 5437
5000 3 5437 5438
5001 3 5438 5439
5002 3 5439 5440
5003 3 5440 5441
5004 3 5441 5442
5005 3 5443 5444
5006 3 5444 5445
5007 3 5445 5446
5008 3 5446 5447
5009 3 5447 5448
5010 3 5448 5449
5011 3 5449 5450
5012 3 5450 5451
5013 3 5451 5452
5014 3 5452 5453
5015 3 5453 5454
5016 3 5454 5455
5017 3 5455 5456
5018 3 5456 5457
5019 3 5457 5458
5020 3 5458 5459
5021 3 5459 5460
5022 3 5460 5461
5023 3 5462 5463
5024 3 5463 5464
5025 3 5464 5465
5026 3 5465 5466
5027 3 5466 5467
5028 3 5467 5468
5029 3 5468 5469
5030 3 5469 5470
5031 3 5470 5471
5032 3 5471 5472
5033 3 5472 5473
5034 3 5473 5474
5035 3 5474 5475
5036 3 5475 5476
5037 3 5476 5477
5038 3 5477 5478
5039 3 5478 5479
5040 3 5479 5480
5041 4 5481 5482
5042 4 5482 5483
5043 4 5484 5485
5044 4 5485 5486
5045 4 5487 5488
5046 4 5488 5489
5047 4 5490 5491
5048 4 5491 5492
5049 4 5493 5494
5050 4 5494 5495
5051 4 5496 5497
5052 4 5497 5498
5053 4 5499 5500
5054 4 5500 5501
5055 4 5502 5503
5056 4 5503 5504
5057 4 5505 5506
5058 4 5506 5507
5059 4 5508 5509
5060 4 5509 5510
5061 4 5511 5512
5062 4 5512 5513
5063 4 5514 5515
5064 4 5515 5516
5065 4 5517 5518
5066 4 5518 5519
5067 4 5520 5521
5068 4 5521 5522
5069 4 5523 5524
5070 4 5524 5525
5071 4 5526 5527
5072 4 5527 5528
5073 4 5529 5530
5074 4 5530 5531
5075 4 5532 5533
5076 4 5533 5534
5077 4 5535 5536
5078 4 5536 5537
5079 4 5538 5539
5080 4 5539 5540
5081 4 5541 5542
5082 4 5542 5543
5083 4 5544 5545
5084 4 5545 5546
5085 4 5547 5548
5086 4 5548 5549
5087 4 5550 5551
5088 4 5551 5552
5089 4 5553 5554
5090 4 5554 5555
5091 4 5556 5557
5092 4 5557 5558
5093 4 5559 5560
5094 4 5560 5561
5095 4 5562 5563
5096 4 5563 5564
5097 4 5565 5566
5098 4 5566 5567
5099 4 5568 5569
5100 4 5569 5570
5101 4 5571 5572
5102 4 5572 5573
5103 4 5574 5575
5104 4 5575 5576
5105 4 5577 5578
5106 4 5578 5579
5107 4 5580 5581
5108 4 5581 5582
5109 4 5583 5584
5110 4 5584 5585
5111 4 5586 5587
5112 4 5587 5588
5113 4 5589 5590
5114 4 5590 5591
5115 4 5592 5593
5116 4 5593 5594
5117 4 5595 5596
5118 4 5596 5597
5119 4 5598 5599
5120 4 5599 5600
5121 4 5601 5602
5122 4 5602 5603
5123 4 5604 5605
5124 4 5605 5606
5125 4 5607 5608
5126 4 5608 5609
5127 4 5610 5611
5128 4 5611 5612
5129 4 5613 5614
5130 4 5614 5615
5131 4 5616 5617
5132 4 5617 5618
5133 4 5619 5620
5134 4 5620 5621
5135 4 5622 5623
5136 4 5623 5624
5137 4 5625 5626
5138 4 5626 5627
5139 4 5628 5629
5140 4 5629 5630
5141 4 5631 5632
5142 4 5632 5633
5143 4 5634 5635
5144 4 5635 5636
5145 4 5637 5638
5146 4 5638 5639
5147 4 5640 5641
5148 4 5641 5642
5149 4 5643 5644
5150 4 5644 5645
5151 4 5646 5647
5152 4 5647 5648
5153 4 5649 5650
5154 4 5650 5651
5155 4 5652 5653
5156 4 5653 5654
5157 4 5655 5656
5158 4 5656 5657
5159 4 5658 5659
5160 4 5659 5660
