# Steps Temp KinEng PotEng Epair Ebond Eangle Bonds
301000000 308.74219294514773537 5207.9880649674450979 -1159.8577012741579892 -2355.8423221169405224 -1084.4350769832162769 2280.41969782599881 5944
302000000 315.06489177461361351 5314.6419036544430128 -1076.3740959991616819 -2360.8667497891988205 -1024.6168218832633556 2309.109475673300949 5928
303000000 309.21042871112064176 5215.8864550692833291 -1195.3568507461175159 -2344.8044967024629841 -1101.1908568112253306 2250.6385027675705715 5934
304000000 306.45735084403071369 5169.4464251629151477 -1104.9421142450669322 -2404.0104522568726679 -1015.3085455846297691 2314.3768835964356185 5920
305000000 310.46477469584874598 5237.0452699869592834 -1190.896991752847498 -2344.4607134887369284 -1078.7591774991960847 2232.3228992350850604 5935
306000000 310.01192532811245428 5229.4064238678029142 -1055.9587250914391916 -2372.8861510314927727 -987.85774860969013389 2304.785174549743715 5924
307000000 315.47435208706127696 5321.5488456566463356 -1144.7878626817569057 -2353.0901798714940014 -1073.3672771530186765 2281.6695943427557722 5917
308000000 314.19956024059831634 5300.0451416816076744 -1070.6704702657402777 -2349.8496320221165661 -1047.3612817475989232 2326.5404435039754389 5923
309000000 311.01287926688900143 5246.2909193654968476 -1154.866026977675574 -2352.0353682395707438 -1081.2332297053533239 2278.4025709672482662 5929
310000000 315.8150586318704427 5327.2960213247861248 -1173.7711877632737014 -2363.308300499111283 -1109.0896006627685892 2298.6267133986061708 5926
311000000 309.94667422949339652 5228.3057419700935498 -1030.5359282592298769 -2356.9840845397893645 -968.99426728970843214 2295.4424235702681472 5910
312000000 314.17529042187879895 5299.6357485726693994 -1194.0624227053033337 -2396.7258486619020914 -1086.2409970258581779 2288.904422982457163 5921
313000000 314.39993955879219811 5303.4252209887645222 -1036.1613774798995564 -2319.4810836646975076 -976.52106660005074446 2259.8407727848484683 5930
314000000 311.65943585837038654 5257.1972972066341754 -1127.4518700089827234 -2390.4232839006658651 -1036.5190186068816729 2299.4904324985645871 5928
315000000 315.31037798239941594 5318.7828642017102538 -1281.3313247033338484 -2436.1377273233701999 -1113.5821753740747226 2268.3885779941110741 5941
316000000 307.38663282848170866 5185.121929174347315 -1167.9116326821681469 -2375.0326815127073132 -1091.9005922929648023 2299.0216411235037413 5927
317000000 313.10870153480948375 5281.6440962458664217 -1021.2604444729420266 -2313.7930232319895367 -1023.1270505716636308 2315.6596293307111409 5920
318000000 308.79041532039798312 5208.8014994785235103 -1125.6161884195405491 -2305.3299842172764329 -1095.8575169180799094 2275.571312715815111 5929
319000000 306.70829934800042338 5173.6795259293785421 -1230.9185520965816067 -2351.7865777624801922 -1119.569240580521182 2240.4372662464193127 5939
320000000 305.40602655007222666 5151.71226216071409 -1224.7930427162377782 -2409.1226515732187181 -1107.9342805665478409 2292.2638894235287808 5943
321000000 307.52899106398768936 5187.5232854139740084 -1236.8010426566870592 -2396.7770456136868233 -1097.3734238054194066 2257.3494267624191707 5931
322000000 311.31007620517749501 5251.304157409790605 -1258.8080759503895933 -2425.5879842447375268 -1121.9086796321960264 2288.6885879265437325 5954
323000000 311.01743648668860942 5246.3677923905261196 -1255.3161266051854454 -2439.5798822620718056 -1072.7322885496289473 2256.9960442065157622 5925
324000000 313.81055096185053799 5293.4831759795633843 -1172.7751265978711217 -2365.2260792200809192 -1089.526075562447204 2281.9770281846567741 5931
325000000 311.16439104420487638 5248.8466812470724108 -1174.4508544997083845 -2394.7157816094154441 -1115.285865621598532 2335.5507927313055916 5938
326000000 310.90263638899699572 5244.4312979550495584 -1106.2640293692008981 -2340.7895078279416339 -1049.7617668577458971 2284.2872453164868602 5938
327000000 309.41960036237560416 5219.4148470032578189 -1244.5562221680088442 -2448.6234365305544998 -1084.8982420384545549 2288.9654564010006652 5936
328000000 313.32445208912076851 5285.283463774951997 -1308.0818961315746947 -2422.2006610484991143 -1134.080183213577584 2248.1989481305022309 5944
329000000 312.01440036937941613 5263.1849820098914279 -1286.4588138628737397 -2453.5645929756901751 -1115.1774409035326698 2282.2832200163493326 5934
330000000 312.64036405367465932 5273.7439903715767286 -1266.6019778545232839 -2470.3011774111519117 -1086.6996699100204751 2290.3988694666495576 5930
331000000 309.58443900015606687 5222.1954117521736407 -1233.1567642495219843 -2460.916757981444789 -1075.0313949524118016 2302.7913886843348337 5935
332000000 308.21835928282752093 5199.1518270844144354 -1244.8346529712307529 -2402.2715329405345983 -1112.6560474544712633 2270.0929274237751088 5955
333000000 319.7464741768230283 5393.6127273157235322 -1247.0815582345614985 -2415.5693894213682142 -1081.5794652825550202 2250.0672964693612812 5934
334000000 309.57985311832601383 5222.1180552444329805 -1333.1774626937583434 -2423.3958107077733075 -1169.2803613259238773 2259.4987093399390687 5941
335000000 307.76836267141646886 5191.5611024116742556 -1298.9569048703997396 -2398.5957496929795525 -1199.9354364317619002 2299.5742812543421678 5946
336000000 314.57994686184360944 5306.4616569127174444 -1230.6029069880410134 -2402.2948048983607805 -1107.6256776389961942 2279.317575549315734 5932
337000000 310.2447570775668737 5233.3339238986127384 -1333.8926230507686341 -2496.1881435305162995 -1099.3912962355511809 2261.6868167152988462 5943
338000000 311.03791604811203797 5246.7132499078534238 -1135.7837403215146423 -2408.3251656293696215 -1042.7347705827010031 2315.2761958905557549 5939
339000000 304.84445159621338917 5142.2393889217746619 -1219.7634879752026791 -2428.9697393273891066 -1051.6927553725374764 2260.8990067247241313 5940
340000000 313.20561626217158846 5283.2788930276301471 -1193.5145923707050315 -2465.1070043979580078 -1067.0942334909484543 2338.6866455182012032 5929
341000000 306.75204691375370203 5174.417477545712245 -1181.343980951185813 -2433.5084372038040783 -1070.2908326997780932 2322.455288952396586 5929
342000000 305.32515489157248112 5150.3480863470904296 -1169.4829628082807176 -2369.850774404081676 -1069.1277460140145195 2269.4955576098150232 5919
343000000 313.10870996959653212 5281.6442385272621323 -1118.6467345289124751 -2333.0317416899024465 -1035.6709310878118231 2250.0559382488017945 5924
344000000 309.50353292387723059 5220.8306553655447715 -1312.0952206310573729 -2415.284321932482726 -1178.7399259293467821 2281.9290272307721352 5949
345000000 314.71480527470009747 5308.7365031134168021 -1249.9599633989048471 -2411.4520612126057131 -1109.3522301887378489 2270.8443280024384876 5956
346000000 310.41073589437263536 5236.1337216480424104 -1310.6181387813094261 -2463.7679053606207162 -1107.7293831905444677 2260.8791497698557578 5946
347000000 313.28504017817300564 5284.618647735797822 -1361.4944437121873761 -2439.3789583494408362 -1169.679855526537267 2247.5643701637900449 5967
348000000 318.01849665454625438 5364.4645042409838425 -1461.3342798435046461 -2516.47163898051258 -1177.4948516221884347 2232.6322107591968233 5972
349000000 305.28014240849671523 5149.5887975942423509 -1440.6861297673062836 -2515.1602361331824795 -1228.2763625422185214 2302.7504689080942626 5967
350000000 315.10454941082093683 5315.3108646865666742 -1296.0627772398042907 -2453.4728880518755432 -1139.310916897031575 2296.7210277091030548 5947
351000000 313.77833176429874129 5292.9396895363533986 -1239.8959416723901086 -2392.1817254108559609 -1122.9953287110729434 2275.2811124495387958 5953
352000000 300.7500104358375097 5073.1727009756359621 -1190.7227816824106412 -2366.2626168108004094 -1090.0635825885415215 2265.603417716930835 5940
353000000 315.79151910797673963 5326.8989471240629427 -1175.9741540400045778 -2383.8769736222302527 -1089.5100083155234643 2297.4128278977495938 5926
354000000 311.55128575609177233 5255.3729775808678824 -1109.3821235156838156 -2385.0659022328727588 -1037.7397894315779467 2313.4235681487671172 5933
355000000 312.81662580802043294 5276.7172448664878175 -1139.6868098760373869 -2398.1627681818217752 -1074.7644619905781838 2333.2404202963625721 5940
356000000 310.15476422810797885 5231.815888150263163 -1379.7723985503723725 -2478.3691589674754141 -1180.6946232516938835 2279.2913836687971525 5967
357000000 311.63169857092856319 5256.729413434178241 -1285.5471511185589861 -2422.7167822374694879 -1144.2171155033086052 2281.3867466222186522 5953
358000000 325.98630397717766982 5498.8686977345405467 -1327.5970325671842147 -2413.7531394166271639 -1212.6091824641716812 2298.7652893136146304 5951
359000000 309.06201407056471453 5213.3829369420436706 -1205.2458452573641807 -2448.1877769638635982 -1057.9607156176036824 2300.9026473241033273 5938
360000000 316.99841872217092487 5347.2574174917772325 -1158.4024442284235192 -2410.9624497101090128 -1079.9968233564245566 2332.5568288381100501 5948
361000000 313.67026173615948892 5291.116720633524892 -1186.4661036010354564 -2342.4578433875703922 -1129.3322595192726112 2285.3239993058077744 5936
362000000 309.73739275092458456 5224.7754974246099664 -1161.1848326580866342 -2357.0656498528014708 -1088.608269964261126 2284.4890871589759627 5944
363000000 311.32887049938000246 5251.6211871586647248 -1179.4420175042018855 -2383.0339990935835885 -1104.8681140434889585 2308.4600956328708889 5948
364000000 313.70527451784232653 5291.7073303826691699 -1166.8064237153785143 -2332.4987918573297065 -1086.4550075741701676 2252.1473757161215872 5934
365000000 312.69112352962309842 5274.6002217224058768 -1269.0326528765369858 -2375.2286810284986132 -1162.9639026469005785 2269.1599307988622058 5960
366000000 309.06190687968876318 5213.3811288030356081 -1179.9390289161799501 -2374.3452418475681043 -1106.2774358347794532 2300.6836487661671526 5942
367000000 313.10433505058654191 5281.5704406256154471 -1061.7168970400034596 -2319.0230983971200658 -1026.9635429389666115 2284.2697442960834451 5936
368000000 312.11752977673376108 5264.9246105249485481 -1058.2758660268118547 -2302.1947974313593477 -1025.4260041391771665 2269.3449355437246595 5930
369000000 309.03272896004784798 5212.8889438645246628 -1057.6952028823275214 -2309.8443484587728562 -1032.7034899021157344 2284.8526354785612966 5910
370000000 313.53836723379311024 5288.8918708726087061 -1087.8723484839458706 -2325.5900590089613615 -1053.8808672202094385 2291.5985777452251568 5933
371000000 312.36339147572908814 5269.0719050096640785 -1048.2908836492069895 -2261.570877756048958 -1054.6015052248440043 2267.8814993316859727 5925
372000000 310.83562401810479514 5243.3009062049541171 -1186.4692410199832011 -2357.2053607025873134 -1055.21837000801861 2225.954489690623177 5931
373000000 309.1949959730297337 5215.6261294072137389 -1156.2398640090038953 -2341.4161230137715393 -1053.4700702353031829 2238.6463292400708269 5923
374000000 316.46089489709697773 5338.19024841159262 -1186.170216726399758 -2376.1711747386525531 -1075.9927842935305762 2265.9937423057831438 5930
375000000 309.27322019449866275 5216.9456471832436364 -1287.6585087656558244 -2381.6085142371662187 -1159.0757242558306643 2253.0257297273410586 5944
376000000 309.44091227369415265 5219.7743449349463845 -1162.7738824879088497 -2347.3786273893447287 -1120.6129841761139687 2305.2177290775498477 5945
377000000 313.97590731924583451 5296.2724738321385303 -1115.5047788537081033 -2355.7386351184350133 -1037.4223057084568609 2277.6561619731837709 5921
378000000 316.08075984688207427 5331.7779767822767099 -1120.702640092051297 -2304.7563498368690489 -1094.6220714820608464 2278.6757812268792804 5957
379000000 310.62167234369985636 5239.6918829090072904 -1037.9337581730555939 -2283.6612220331389835 -1037.3774459167661917 2283.1049097768495812 5919
380000000 312.59516958283546728 5272.9816317755976343 -1003.6839009173037311 -2326.6788471844597552 -948.34567081605416661 2271.3406170832104181 5911
381000000 314.54985664325698735 5305.9540829469542587 -1135.706912875378066 -2410.1155722925586815 -1067.7967403775508046 2342.2053997947314201 5935
382000000 309.95090311678643502 5228.3770765497311004 -1041.7825737984667285 -2349.1891427344917247 -985.35400786499940295 2292.7605768010239444 5929
383000000 306.76858981357099765 5174.6965298643690403 -1100.8994372440679399 -2333.9498717657597808 -1034.303285319423594 2267.353719841115435 5922
384000000 314.85384141736324182 5311.0818209486033084 -1118.6565193359388104 -2338.9332085298374295 -1056.9011257374381785 2277.1778149313367976 5916
385000000 308.08373972314660705 5196.8810099555939814 -1187.2528551915561366 -2385.3084681165646543 -1066.6706228105031187 2264.7262357355111817 5941
386000000 311.2427196459282186 5250.1679597514103079 -1144.7417338537386513 -2311.7721497583643213 -1079.0465247352362894 2246.0769406398621868 5938
387000000 313.28105030475217063 5284.551344938735383 -1188.2637893828255073 -2297.3538377271606805 -1130.4486605030847386 2239.5387088474199118 5934
388000000 311.86478547466697364 5260.6612175105501592 -1105.5064063899117173 -2329.4748922253247656 -1064.3341761129927363 2288.3026619484062394 5936
389000000 311.51497128507008938 5254.7604104099782489 -1234.7919348579353027 -2357.1830082102806045 -1117.9513888641927224 2240.342462216538479 5931
390000000 312.22762705823129181 5266.7817759565823508 -1194.9575297911840153 -2368.6395913679270961 -1063.4314258252659329 2237.1134874020090137 5939
391000000 308.66493878535698059 5206.684910583778219 -1083.9757880001798185 -2261.287712163985816 -1107.5490690954304682 2284.8609932592366931 5953
392000000 313.49171945389178973 5288.1049972721266386 -1168.1320958046021588 -2408.852910781115952 -1071.6973151163308557 2312.4181300928439668 5925
393000000 316.59686528508427728 5340.4838518581182143 -1105.577500431403223 -2308.9901929855432172 -1091.993103579976605 2295.4057961341168266 5942
394000000 311.14696804888666293 5248.5527831218832944 -1181.8310836141381515 -2386.4807558482916647 -1100.7668982376242184 2305.4165704717775043 5933
395000000 314.8830335524510815 5311.574245679017622 -1119.631704867904773 -2405.5262373536502309 -1039.5719598485011375 2325.4664923342465954 5924
396000000 313.02324297495044902 5280.202546726671244 -1078.4307636622024802 -2350.1322305627732021 -1040.7273571918574362 2312.4288240924288402 5927
397000000 311.0299624579220108 5246.5790855346967874 -1210.1324820822612764 -2388.1530691307175402 -1084.0423985147783696 2262.0629855632346334 5932
398000000 309.24649214446668566 5216.4947876352216554 -1090.7062028437630943 -2337.1066404509479071 -1099.579767309538056 2345.9802049167224141 5947
399000000 313.12658664120135654 5281.9457894473716806 -1132.8999715852178269 -2272.2485975596655408 -1110.1740054440685981 2249.5226314185160845 5944
400000000 312.52800108381137534 5271.8486063930859018 -1111.9368218973572766 -2311.6354784742184165 -1098.5596102306267312 2298.2582668074878711 5933
401000000 313.17308094980529631 5282.7300742319957862 -1112.7035460689828597 -2306.1338688239311523 -1113.2551174073223592 2306.6854401622704245 5946
402000000 306.03340786930874629 5162.2951837614164106 -1060.7300102735257497 -2303.5886287423359136 -1056.1709531015987977 2299.0295715704087343 5933
403000000 311.55510955345118873 5255.4374789398198118 -1035.6733725709166265 -2285.0119593984263702 -1055.093637553113922 2304.4322243806236656 5930
404000000 304.90536807027569921 5143.2669526209574542 -1068.1800103271389162 -2359.5331382698682319 -1048.9884345715959171 2340.341562514324778 5928
405000000 316.14102099482761332 5332.7944861757214312 -1169.5953037169583695 -2357.7803245498876095 -1102.8635835917757504 2291.0486044247045356 5929
406000000 306.51601540071465024 5170.436002609820207 -1071.0339498544583421 -2270.5907501396741281 -1076.4334123450034895 2275.9902126302190482 5927
407000000 307.49870637264865536 5187.0124310032424546 -1228.7561758239435221 -2302.1807610465157268 -1178.5347997141630003 2251.959384936735205 5948
408000000 315.29221886125066021 5318.4765488085631659 -1101.9119570803795796 -2312.2395649284731007 -1067.3967259236935661 2277.7243337717873146 5926
409000000 310.16396249899736404 5231.9710483003982517 -1112.6865100800828259 -2341.0353021066557631 -1063.5035658525782765 2291.852357879151441 5936
410000000 305.43081249080103134 5152.1303614242560798 -1196.4990133166461419 -2376.6831597129366855 -1096.4502350526481678 2276.6343814489387114 5940
411000000 314.04365346939937353 5297.4152432673145086 -1149.8200954995029406 -2325.114349091000804 -1091.6279756080948573 2266.9222291995924934 5941
412000000 305.05714230331875569 5145.8271417117894089 -1132.904746905772754 -2324.772095735115272 -1132.5553249476165547 2324.4226737769590727 5940
413000000 317.16264933281678395 5350.0277257932993962 -1164.21496273660523 -2321.3456157321279534 -1129.4033724416237874 2286.5340254371462834 5937
414000000 310.0964662251897721 5230.8324938803934856 -907.73807331143916599 -2231.7967062886636995 -930.8793893997512896 2254.9380223769758231 5912
415000000 314.14483128956862856 5299.1219516211504015 -1027.8132057317229737 -2260.006119755274085 -1059.4973960300887939 2291.6903100536401325 5926
416000000 312.65764940718401022 5274.0355666991154067 -1223.9254772559297635 -2327.6287061213433844 -1124.0587286279057935 2227.7619574933191871 5943
417000000 306.00344374476543408 5161.7897368009271304 -953.78158060937494156 -2284.1583825647071535 -990.74229323452868812 2321.1190951898606727 5916
418000000 313.17791068833861345 5282.8115442131420423 -1053.7689777990030962 -2296.4492022865611034 -1008.1803919236044749 2250.8606164111624821 5912
419000000 316.18065142164596182 5333.4629882288772933 -1071.1015112261654849 -2325.2540359709764743 -998.58726337460984723 2252.7397881194206093 5914
420000000 307.74035603203873279 5191.0886751019252188 -1210.5461085469751197 -2336.1058238522896318 -1135.2121929990494209 2260.771908304363933 5946
421000000 311.66318233411141136 5257.2604942732832569 -1003.9473540114024672 -2315.4396942137445876 -993.01153523216396479 2304.5038754345064262 5914
422000000 314.15860707739517466 5299.3543271766311591 -1137.5718436975025725 -2323.6023984791090697 -1082.8933657888771904 2268.9239205704834603 5923
423000000 316.32294019890946402 5335.8631728188038323 -1260.574680659650312 -2406.2589603337100925 -1136.7615901477156513 2282.4458698217754318 5933
424000000 312.86689584474515868 5277.5652201587226955 -1199.5569998182941163 -2357.1292637147562345 -1099.1729429641768547 2256.745206860638973 5935
425000000 309.7226256967289828 5224.5264007874711751 -1095.5271261628704451 -2289.8153915737680109 -1039.369025233669845 2233.6572906445671833 5932
426000000 316.82409817164705146 5344.3169080073221267 -1057.448702224506178 -2329.3008276945156467 -1054.8817778879306388 2326.7339033579401075 5922
427000000 305.39477488350991052 5151.5224645026464714 -1218.4320927044304881 -2352.5447142677471675 -1121.146466367118137 2255.2590879304348164 5948
428000000 310.77468226180980082 5242.272916034854461 -1129.7197422584354172 -2346.6437047900776633 -1083.4011518923196036 2300.3251144239616224 5935
429000000 314.24820457533252238 5300.8656939757638611 -1158.5852842159858938 -2344.349858215930908 -1092.6066050256415565 2278.3711790255865708 5937
430000000 311.5097400918412518 5254.6721685288111985 -1228.8652646495681893 -2310.0216083597288161 -1182.1242816097255854 2263.2806253198859849 5949
431000000 313.06965865772423285 5280.9855052190214337 -1069.7999064831446958 -2330.5666535092586855 -1073.3296946362459039 2334.0964416623596662 5919
432000000 312.29283529756025928 5267.881734886468621 -1166.749469467385552 -2331.6210867085083009 -1127.8409298041340207 2292.7125470452565423 5945
433000000 310.76858743777285099 5242.1701060802461143 -1183.0877295571424384 -2358.3602699158936957 -1094.2104605872141292 2269.4830009459660687 5929
434000000 307.22323174515059918 5182.3656136747604251 -1263.5045645960774436 -2396.4713043781234774 -1144.7103700492416465 2277.6771098312874528 5963
435000000 314.56950688110975989 5306.285551099184886 -1220.1260072796408167 -2389.2504028642447338 -1107.5898519738384493 2276.7142475584428212 5934
436000000 310.51840055629736526 5237.9498526697661873 -1167.7417333327682627 -2393.9845898238431801 -1062.5854029487993557 2288.8282594398747278 5931
437000000 312.9400986744475972 5278.8000350694264853 -1172.5734411231642298 -2355.0704151361960612 -1090.6740945346220997 2273.1710685476541585 5939
438000000 304.1553354299517764 5130.6150989760717493 -1168.0175367375204587 -2313.4524457811435241 -1096.7982236633069988 2242.2331327069305189 5943
439000000 311.09310274277839881 5247.6441613729357414 -1152.1763214109296314 -2357.0687153674407455 -1074.5918981626327877 2279.4842921191439018 5932
440000000 313.67636191928187372 5291.219620987352755 -1238.5755664695225278 -2421.4334473607764266 -1115.7902213396896514 2298.6481022309430955 5950
441000000 315.99680815984180526 5330.3618458026749067 -1160.6862000755256759 -2360.159372516878193 -1063.4605714213935244 2262.9337438627462689 5927
442000000 312.873794931154805 5277.6815967360143986 -1265.2516012743171814 -2356.9141662431879922 -1179.1854988914640217 2270.8480638603346051 5944
443000000 313.5959598165207467 5289.8633658296630529 -1156.3422846467096861 -2350.3038957890880738 -1081.3836421466423872 2275.3452532890205475 5956
444000000 309.5570988586501926 5221.7342271978404824 -1114.4265596876703057 -2317.7869863487521798 -1072.0854788076337627 2275.4459054687154094 5926
445000000 315.23292001457423339 5317.4762719017653581 -1176.4153075334240839 -2332.8229034032010532 -1104.1454226357743664 2260.5530185055508809 5949
446000000 314.103151477343431 5298.4188797068509302 -1034.2417958627081589 -2337.7627370521731791 -1024.5541125411891699 2328.0750537306544174 5949
447000000 319.57560341960720507 5390.7304103387559735 -1186.6854293865467298 -2350.0016615164149698 -1123.40165415667866 2286.7178862865466726 5945
448000000 315.09845116764188333 5315.2079970564873292 -1055.8130531796002742 -2287.0690047368871092 -1092.5322310431010919 2323.7881826003876995 5931
449000000 311.44132925960252578 5253.5181869676407587 -1081.1671250809095 -2294.2258760181707657 -1088.666008738382061 2301.7247596756433268 5930
450000000 305.94500607155441685 5160.8039865161208581 -1075.4321124426337519 -2283.4722640016034347 -1101.4661656421051248 2309.506317201075035 5921
451000000 306.74780753534645328 5174.3459659977206684 -1009.8235726428473527 -2246.5047956659304873 -1032.8589318148331131 2269.5401548379159067 5924
452000000 309.80281225926165689 5225.8790201254932981 -986.99901126825068332 -2243.7818956287014771 -1062.6513296364628332 2319.4342139969135133 5927
453000000 313.82580027249684917 5293.7404075133790684 -869.8575169584159994 -2209.726161440546548 -968.43192943898475278 2308.3005739211157561 5892
454000000 306.84760176885419014 5176.0293354526793337 -873.75513035705466791 -2209.9302995019988884 -968.42941092962269067 2304.6045800745669112 5904
455000000 315.04380659396417741 5314.2862303072970462 -951.9219635569725142 -2240.6221052239998244 -994.66052059071648728 2283.3606622577435701 5921
456000000 315.68690859596460996 5325.1343347371639538 -1115.942133765523522 -2293.9514749758809558 -1090.8096941867238456 2268.8190353970812794 5923
457000000 308.55027579516939795 5204.7507289330815183 -917.0319509249713974 -2275.2360012818007817 -958.13286833814049714 2316.3369186949698815 5917
458000000 310.23449998553007845 5233.1609031255220543 -1065.5806675007286231 -2300.5899134797732586 -1031.4262676571297561 2266.435513636174619 5926
459000000 312.64227749755065133 5273.7762671160471655 -992.02867337838119965 -2250.1790618493650982 -1067.3673369641653608 2325.5177254351492593 5916
460000000 312.47000426954753038 5270.8702926951391419 -1093.0358740410838436 -2329.2255949006039373 -1048.294172950114671 2284.4838938096345373 5914
461000000 311.64383741596947175 5256.9341763773072671 -1101.6910016877716316 -2284.7291666946912301 -1109.0608565996517427 2292.0990216065711138 5939
462000000 311.75830900368765697 5258.8651293738093955 -1110.6102450811431481 -2322.8204101757273747 -1077.2600043919696873 2289.4701694865539139 5940
463000000 309.56037721703677335 5221.7895278718015106 -1086.8374080957516981 -2273.3306000473703534 -1054.2248443582643631 2240.7180363098827911 5933
464000000 307.90282369781476746 5193.8292453370240764 -1194.0262855116159244 -2382.612824851246387 -1053.6501979257138828 2242.2367372653443454 5928
465000000 311.42494531375172073 5253.241815948720614 -939.89340193024929704 -2289.5275010756822667 -972.41688297961241005 2322.050982125045266 5906
466000000 314.45307335244609703 5304.321503290047076 -1092.4329709567159625 -2334.2045003924158664 -1053.1921067129651419 2294.9636361486650458 5945
467000000 309.93966860530701979 5228.1875682705340296 -1158.5824840731738732 -2334.8521509101860829 -1089.3647219305730687 2265.6343887675848237 5932
468000000 315.59229679656561984 5323.5383846748327414 -1034.6226623998304603 -2308.0516824164233185 -1046.5539382153151564 2319.9829582319080146 5928
469000000 311.47061463069184128 5254.012184440602141 -1045.6496541243893716 -2293.8486080744833089 -1029.7146185506173879 2277.9135725007113251 5933
470000000 310.75126949681879296 5241.8779800545207763 -1106.9116062286232136 -2325.7887017920138533 -1071.4533096527429734 2290.3304052161338404 5938
471000000 311.07844310701864288 5247.3968767133783331 -1074.2410535333735879 -2312.579014622620889 -1053.2434027922399764 2291.5813638814870501 5937
472000000 309.61143635815659536 5222.6508140958285367 -986.58280124300620173 -2241.8422256446324354 -1043.1431518710846831 2298.4025762727114852 5929
473000000 311.98199578286545375 5262.638368350757446 -1062.2594971565013111 -2269.3118602094345988 -1071.6970025779760363 2278.749365630909324 5928
474000000 310.13662957937089004 5231.5099855676453444 -1164.5474271248353944 -2356.6761832251604574 -1102.3991693918956116 2294.5279254922206746 5939
475000000 316.26251528553257231 5334.8439009638896096 -1119.1598521579835506 -2340.2435611443288508 -1034.0589777087293442 2255.1426866950750991 5927
476000000 305.60515588408730991 5155.0712562296575925 -1151.0336030944281447 -2316.8398239176067364 -1115.3238389810007902 2281.1300598041789272 5945
477000000 306.39309905542586421 5168.3626000303183901 -1041.9240686876764812 -2293.4712419572406361 -1054.4007557694098978 2305.9479290389735979 5912
478000000 313.07045529152924246 5280.9989431599424279 -1177.7111248448557035 -2409.6363956392106047 -1086.9724849044923758 2318.8977556988475044 5950
479000000 313.28505424900777143 5284.6188850883245323 -1203.8470087521111509 -2336.3637307091871662 -1122.4203730070858001 2254.9370949641624975 5932
480000000 312.02449408415992593 5263.3552468694060735 -1026.1659112509989882 -2347.8210641863515775 -982.30645292722954309 2303.9616058625824735 5922
481000000 310.85637869495133145 5243.651004480404481 -1110.3819552970226141 -2365.6014641435754129 -1048.9491953962469779 2304.1687042428002314 5924
482000000 308.26317704440003808 5199.9078311962648513 -1142.1272549167533725 -2320.5706194122035413 -1069.382050144402001 2247.8254146398521698 5939
483000000 310.9968613648709379 5246.0207229218549401 -1045.1325041526972655 -2292.033047605489628 -1040.955896212194375 2287.8564396649871924 5922
484000000 317.22036403891348755 5351.0012807766897822 -1177.4712072321258347 -2366.1895008222300021 -1069.2609018579851181 2257.9791954480888307 5944
485000000 314.04200830569556047 5297.3874919811923974 -1088.1618534735719095 -2266.2291238373509259 -1057.1526177697496678 2235.2198881335284568 5924
486000000 315.566423978378225 5323.1019515231419064 -1079.2901527173626164 -2285.1105715420540037 -1018.0801827200880325 2223.9006015447794198 5923
487000000 311.42758424175872278 5253.2863304526617867 -1061.4403346444939871 -2326.9940150845168318 -1006.8047393988638305 2272.3584198388866753 5929
488000000 309.82187551862324426 5226.200586887352074 -1023.1902608381558366 -2339.5826383960106796 -1009.2387414718740501 2325.6311190297292342 5923
489000000 308.94730463612518179 5211.4479718509383019 -1073.0152603764659034 -2274.5884011261964588 -1071.0726754981387785 2272.6458162478688791 5931
490000000 312.50705399185051192 5271.495262381736211 -1165.5508840142076679 -2304.7655814799068139 -1135.2120370166537668 2274.4267344823529129 5945
491000000 307.7733676600409467 5191.6455285821721191 -1073.8126835723355725 -2293.3943295730887257 -1071.8223313639409753 2291.4039773646945832 5934
492000000 312.36921444478252852 5269.1701292045618175 -1202.8445724184689425 -2333.8163479516751977 -1120.7783697167151331 2251.7501452499213883 5952
493000000 311.77270858115804231 5259.108027265059718 -1034.5324239767173822 -2276.5712203784669327 -1058.0980825837830253 2300.1368789855328032 5930
494000000 316.56328107271093586 5339.9173397933327578 -1194.5217014826362174 -2300.0123090852644054 -1116.6419649920803749 2222.132572594708563 5925
495000000 312.59090321832906056 5272.9096650151814174 -1141.8670685701117691 -2356.888900920206197 -1055.330424072826645 2270.3522564229206182 5930
496000000 313.80693508395307845 5293.4221818901105507 -1154.8732642242405291 -2336.6226687574671814 -1098.2061083962257726 2279.9555129294526523 5942
497000000 302.42383679933476515 5101.4074804230649534 -1101.8387580435025939 -2293.7236740287430621 -1057.169513393804209 2249.0544293790444499 5922
498000000 311.85146714233621879 5260.4365584992174263 -1152.6812913857602325 -2390.6350815225264341 -1083.4870563604274594 2321.4408464971938884 5937
499000000 310.91826409167111933 5244.6949123584890913 -1127.8105569961992387 -2330.272136999857139 -1077.1281301614940276 2279.5897101651517005 5943
500000000 310.59896914290328596 5239.3089161442212571 -1120.2809454563007421 -2389.9081827574027557 -1059.5292254711162059 2329.1564627722182195 5928
